12781
6177
6179
6222
6182
1689
16380
16380
1697
1698
1699
16385
1701
16387
1702
16390
5715
1708
1711
1714
16397
16398
16399
16399
1717
5642
1727
16405
6215
16408
16408
16408
1738
1738
16418
1757
1761
16423
1763
1763
16427
16429
16441
1806
16445
16452
1814
16453
1817
16463
16480
1830
16480
16480
16480
16480
1835
1838
1839
1840
1840
1840
1840
1842
16488
1843
1847
1847
1847
1847
1847
1847
1847
1851
16490
16492
1852
16496
16498
16498
16500
16507
1864
1864
1866
16512
1869
1870
1870
1879
1883
1886
1889
16532
16533
16536
1901
1903
16547
16549
16551
16556
16564
16567
16567
16567
16573
1912
1915
1918
1924
16588
1930
16589
1941
16594
16596
1943
1943
16597
16598
1944
1949
1950
1953
16606
16608
16610
16613
16613
16616
16620
1960
16634
16648
16648
16651
16651
16651
16663
16663
16663
16663
16674
16674
16685
16686
1989
1989
16695
16697
16699
16702
16702
16702
16706
1999
16713
2004
2006
2007
2011
2012
2014
2015
16728
16737
2044
2044
2046
2047
2049
16750
16751
16754
16756
2054
2054
16760
16760
16766
16770
16776
16778
2070
2071
2071
2076
16787
16791
2094
16799
16799
16799
16799
16799
16799
16801
2104
2108
2110
2111
2111
16806
2112
16809
16810
16810
16813
2115
2116
16818
16819
2119
2121
2123
2124
2124
2124
2129
2129
2129
2129
16829
16832
2134
2134
2136
2140
2140
16848
2148
16851
16854
16856
16857
16858
16861
16863
2158
2162
2163
2164
2166
2169
2173
2175
16873
16875
16877
16878
2183
2185
5731
5638
2191
2200
2203
16879
16879
16879
2206
2206
16881
16882
16882
16882
16882
16883
16884
2213
2213
2216
2217
16890
16893
16894
16899
16901
16901
16901
2225
2226
2228
2228
2228
2230
16906
2233
2234
16907
16907
16908
16909
16910
16914
16918
16919
2239
2241
16920
16921
16925
16925
16927
16933
16933
16936
16937
2245
2247
2249
16940
2251
2254
16943
16945
16948
2259
2262
2266
16951
2267
2272
2275
2275
2275
2278
16955
16956
16956
16958
2281
16959
2291
2291
2293
16961
16962
16965
16967
16967
16970
16972
16972
2302
16975
16977
16977
16978
2318
2322
16982
2347
2349
2353
2356
2363
2365
2368
17000
17000
17000
17000
17004
17004
17010
2372
2374
2383
2386
2389
2389
17016
17022
17023
17025
17028
17029
2395
17032
17033
17033
17036
2399
17040
17040
17047
17047
2416
2416
2417
2419
2423
17053
2426
17054
2429
2429
17055
2436
17058
17058
6214
6213
6212
6212
6210
2453
2453
2453
2457
2462
17072
17074
2473
2473
2473
2478
17079
17082
17087
17093
17094
2483
2484
17096
17098
17102
17102
2486
2488
2489
2491
2492
2496
17114
2502
2504
17116
2505
2507
2510
17120
2516
17123
17123
5710
2523
2528
17127
2531
2540
2542
2542
2545
17141
17142
17144
2554
2555
2559
2560
17165
2565
2567
17168
2570
17171
17176
2572
17178
17178
17178
17178
17180
17181
17182
17185
2579
17187
17187
17189
2584
2586
2586
2588
2588
2588
2588
2597
2599
17200
2604
2605
2605
2605
2605
17202
2609
17205
17207
17209
2613
2615
17215
17215
17219
2616
17219
17221
2618
2621
17233
17235
2622
17238
17242
17244
2624
2624
2627
17260
17264
17266
17272
17275
17276
17278
17281
17281
17281
17282
17284
17293
2651
17300
17304
17310
2652
17313
2655
2656
2657
17323
17326
2666
2671
2671
17333
17335
2675
2677
17342
17343
2685
2685
17355
17357
17358
17361
17362
17362
17365
17370
17374
17379
17382
17385
2715
2716
2717
17389
17391
2726
2737
2730
17402
17402
17402
17402
17406
17406
17409
2766
2766
2771
2771
17413
17413
2779
2785
2791
17420
17425
2796
2801
17431
2803
17435
17436
2809
17439
17443
2816
17446
17446
17450
17450
2817
2822
2823
17457
2833
2837
2841
17460
2842
17461
2847
17466
2850
2850
17469
17476
17482
17485
2861
2862
17489
2863
17491
17493
17495
2865
2883
17506
2886
17509
2891
2893
2916
2919
2925
17547
2931
2932
17552
17552
17552
2948
17567
17576
2954
17580
17580
17582
2959
17584
17589
17592
17594
17594
17594
17596
17603
17607
17611
2985
17617
17617
17617
17618
17618
17621
17621
17621
17626
17626
17626
17626
17632
17642
3004
3005
17643
3008
17649
17650
17658
3018
3020
3026
3030
17680
17690
3047
17693
3057
3061
3067
17712
17714
3082
17722
17722
3094
17729
17733
17735
3100
17740
17745
3109
17752
17752
3117
3121
17755
3129
17761
17763
17766
17769
17770
3139
17781
3168
17800
17800
17800
17800
17800
17805
17805
17806
3182
3182
3186
3187
3189
17814
3192
3193
3194
3194
17817
3200
3202
3205
17821
17823
17824
17828
3213
17838
17855
3230
3232
3237
3241
3243
3243
3252
17864
17867
17867
17870
17876
17876
17881
3277
3283
3283
3288
17889
17889
3294
3294
17896
17896
17897
17900
17903
3308
3308
3308
3313
1605
17917
3328
17925
3336
3336
3336
3336
3346
3348
3353
3363
17933
3366
17941
17941
3376
3382
17946
17946
17949
17966
3399
17978
17982
17986
17987
17987
17987
17987
17992
3416
3418
17996
18001
18003
18007
3423
18011
18017
3432
3440
18026
18060
18061
18061
3459
3459
3464
3464
3469
3469
18085
18088
18089
3471
3473
3473
3474
6199
18097
18097
18099
18102
3475
3478
3478
3480
3480
18106
18108
18109
18109
3481
18111
18112
3484
18115
18115
18115
18115
18122
18127
3486
3487
18130
18132
18132
18132
18134
18136
18140
18144
3495
3497
18150
3499
3502
3502
3508
18154
18154
3516
3522
18158
18158
18163
18164
3527
3528
18168
3534
3534
18169
18172
3541
18178
18180
18180
18182
18184
3559
3559
3560
18188
3564
3564
18195
18199
3573
3577
3579
3582
3582
18206
18207
18207
18207
18210
3586
3590
3594
3600
3602
3606
18214
18219
3608
3614
3616
3617
3617
18233
18235
18241
18241
18241
3624
3629
18243
18246
18248
18250
3635
3636
3636
18253
18255
3643
3646
3660
18269
3670
18279
3672
3674
3674
3681
3679
6148
18422
3766
3766
3706
3706
18322
18348
18349
3725
18351
18355
18355
18356
18359
3727
18364
3731
18366
3757
5705
3748
3749
18378
18384
3755
3757
3757
5705
5705
3766
3766
18422
3778
3785
3786
18428
3787
3791
3791
3795
18430
18432
3800
3800
18435
18439
18441
18442
18448
18449
18453
3808
3812
3812
3814
3816
3817
3821
3824
18464
18466
18473
3836
18474
3841
3843
18484
3850
3851
18486
3852
3852
18487
18490
18494
3861
3861
3861
18498
3865
18498
3868
3871
3872
3872
3876
3879
3880
3882
3894
18504
18506
18510
18511
18517
18518
0
1
4
8
13
3914
3916
14
3917
3918
3922
5787
5788
5790
20
21
22
3933
3937
3942
3945
26
26
3947
3948
3950
3950
31
3952
31
32
35
36
36
39
43
3960
45
3964
3964
3967
3969
3971
3972
3972
54
57
58
60
62
67
69
72
74
3976
3976
3977
76
76
3978
3980
78
3991
3994
3995
3997
3997
3997
82
4002
84
4003
87
4014
90
4019
96
4027
4027
4029
97
4031
4031
4038
101
103
104
110
110
113
114
114
4049
4051
119
4059
120
4060
4064
4067
4070
127
4072
129
134
4075
4077
4077
4079
141
4081
4083
4083
4083
145
4084
4084
4088
146
151
4093
4101
4101
4109
4112
4115
4119
4125
4129
163
166
167
4144
171
4147
4148
173
174
4151
4153
4155
4161
4163
178
4152
180
183
186
4168
189
189
192
192
4173
196
4175
197
4179
200
202
203
4186
4191
4193
4197
4199
4201
205
4203
4203
211
211
213
214
4207
218
220
4221
4224
4228
4230
222
224
4233
4236
4238
4240
4243
4245
4248
233
4251
236
238
240
4260
241
241
244
4261
4266
249
254
258
254
4272
4272
261
263
265
267
268
4277
276
4285
276
4287
285
285
290
293
4293
306
306
306
306
4300
4300
308
319
4323
4323
4328
4328
344
346
4333
4335
371
4349
4352
373
4357
375
375
4364
4369
388
392
4375
394
4377
4380
4380
4380
4380
399
401
404
4392
417
4404
4408
4410
4413
4416
4419
421
4423
4423
426
427
430
433
440
444
4444
4447
449
454
4458
457
457
458
4465
4472
464
4475
4478
468
470
472
4486
486
476
476
4502
4505
4505
4509
4516
497
4526
506
4536
518
518
526
531
4545
538
539
4547
4547
544
546
4549
549
549
549
554
4551
563
568
575
4556
4564
4564
590
592
596
4591
4591
4593
4595
4598
4603
621
4607
627
632
4611
4611
641
4615
4615
4616
647
4618
4620
653
655
4628
4629
664
668
668
4636
675
693
696
4644
4644
4647
698
4655
726
728
729
733
4669
737
4675
4675
4675
741
4676
4693
761
769
772
4701
4703
4705
776
776
4712
782
782
783
4727
788
802
4745
4750
4753
815
820
821
821
4757
4762
4767
826
832
4771
4772
4774
4776
4777
4777
4777
844
844
851
856
4786
858
859
862
865
4789
4790
4790
872
872
872
4794
4800
4800
4800
4800
4800
4802
4805
4806
4808
4812
4815
891
4816
4818
4819
894
4824
6161
6163
896
902
904
904
909
910
4833
4834
4835
4837
4838
4844
4845
918
4851
4851
927
927
932
4857
4859
4860
933
933
4865
4867
4869
935
4873
4877
4880
4882
4884
4886
948
4889
951
952
4893
954
954
956
4898
4899
4901
960
960
961
961
961
963
968
972
975
979
4919
1008
4944
4944
4944
1011
1012
1012
1021
1024
1028
1033
1033
1033
4964
1048
1048
1056
1056
1056
4970
4972
4977
4981
1071
4983
1073
1073
4990
1076
1078
1078
1078
1080
4999
5001
1084
1086
5009
1091
1102
1107
5026
1113
1116
1116
1120
5033
5040
5040
5040
5040
5040
5040
5050
1142
1146
1149
1161
5064
5068
5074
1175
1181
1186
1187
1189
1194
5088
5088
5097
1230
5768
1238
1241
1241
5109
1250
1252
5114
1260
1272
1284
1284
5133
5136
5139
5143
1290
5146
5148
1293
5155
1296
1298
5163
1312
5178
1316
1317
1317
5182
1331
5186
5190
5191
5192
1354
1362
1362
5204
5206
5209
5212
1366
1370
5218
1376
5222
1379
5224
1384
5228
5229
5230
1393
1396
1397
5239
1407
1409
5242
1411
1416
1421
5252
5256
5262
5264
5264
1440
1441
5271
5271
5273
5279
1454
1459
1459
1470
1474
1481
5308
1507
1514
5331
5334
5348
1534
1538
1538
5358
5358
1562
1562
5408
1568
1573
5416
1581
1581
1584
5443
5443
5460
1613
5464
5468
5475
5477
5481
1621
5489
1624
1624
5494
1627
5496
1631
5498
5499
5500
5501
1635
1635
1641
1643
1644
1645
1652
5698
5521
1659
5523
5523
1663
8529
5532
8531
8536
5551
5551
5559
8573
5583
8579
5567
5567
5567
5568
5587
8597
5603
5605
8619
5625
5629
8627
8629
5633
5635
5637
5637
5637
8635
14381
14381
14381
14381
8640
8642
5654
5657
5660
8656
8659
5664
5664
5664
8662
5667
5667
5667
5688
8683
5695
8700
5721
8711
5725
5725
5730
8720
8723
8731
8744
8747
8749
8752
8752
8754
5755
8763
5757
8772
5785
8807
5799
8812
5801
8814
8815
8815
8819
8822
5815
5820
8846
5831
8849
8851
8851
8851
8856
8856
8864
8869
5846
8872
5850
8876
5852
8876
5854
8881
5862
5866
5867
5868
5868
5868
5873
5875
5887
5888
8894
8894
5890
8901
5891
5891
5892
8905
5896
5898
8906
8907
8910
8921
5908
5911
8927
8931
5914
5917
5923
5924
8942
5936
5950
5953
5961
5965
8959
5972
5975
5977
8980
8984
8984
5988
9003
9010
9016
9019
5999
6002
9022
9022
9022
6004
6007
6013
6018
6018
6024
6024
6024
9033
9059
6044
9065
6048
9079
9082
6053
9089
6065
6065
6065
9092
9094
9101
6077
6080
9106
6082
9111
9122
6088
6088
9135
9139
9139
6110
9162
9164
6116
9172
9179
9180
6133
6136
9190
6137
9193
6140
6141
9199
9199
9199
9199
6151
9207
9213
6165
6170
9217
9218
6183
6184
6184
9220
9220
9220
9224
9225
6192
6194
9228
6198
9231
9231
6203
6205
6208
6208
6208
6208
9237
9242
9250
9250
6244
9286
6247
9286
9289
9290
6251
6263
6270
6270
6290
9309
6290
9309
6290
9310
9312
6298
9325
9331
9384
6341
6344
6346
9393
6350
9399
9419
6359
9429
6361
6361
6361
6368
6368
6372
6372
6380
6380
9459
6389
9470
6405
6405
9480
16172
9484
9484
6429
6446
9521
9528
9531
6463
6466
6468
6470
6470
9537
9540
6476
6477
9543
9546
9549
6488
6493
6494
6498
9569
9573
9574
9582
9582
9588
9589
9592
6506
6508
6512
9594
6516
9597
6519
6528
6528
9604
6538
6539
9609
9613
6542
6542
9615
6545
9617
6547
9619
9625
9621
6552
6552
6553
6555
6556
9628
9630
6562
9631
9631
9637
6567
9645
9647
6570
9649
9653
6574
9654
9657
6577
9659
6577
6579
6583
9669
9676
9676
6586
9679
9679
9688
6599
9703
9705
9718
9743
6616
6622
6623
6627
9753
9754
9756
9756
6633
9762
6637
6638
9765
6641
6641
9771
6644
6648
9779
9785
6655
9790
9793
9793
6659
6659
9800
9802
9800
9805
9807
9830
9830
9835
6676
9838
6678
6678
6683
9843
6689
6708
9896
6707
6715
6717
6717
6720
6727
6727
9921
9923
9924
9925
9931
9933
6738
6738
6740
6742
9939
9944
6748
6750
9949
9951
9953
9956
9956
9956
6765
9971
6771
6771
6776
6783
6785
9979
6791
9984
9985
9985
6808
6810
9987
9988
9989
6812
10009
10010
6831
6833
6849
10024
10029
10031
6854
6854
6859
6862
6866
6869
6869
6871
6873
6876
10047
6878
6902
6908
6910
10076
6914
10080
10080
10080
6918
6918
6921
10091
10091
10098
10098
6941
6944
6946
6955
6956
10114
10137
10133
10128
10129
10133
10137
10138
6980
6983
6999
7002
7004
7006
7010
7011
7016
10182
10184
10185
7018
7018
7019
7020
10189
7021
7021
7022
7022
7023
7023
7025
10192
7036
7042
10210
7044
7047
7047
7047
7047
7047
7064
10246
7070
10255
7075
7076
7076
7076
7077
10258
7081
7085
7086
7086
10262
7089
7091
7097
10275
10286
7101
7112
7126
10353
10354
10358
10361
7132
10364
7134
7137
10370
10370
10370
10370
10377
10379
10381
10381
10383
7143
10385
7153
10411
7161
7174
7176
7176
7176
7177
7189
7153
10440
10476
7241
10504
7253
7255
10511
10517
10517
7263
7266
10525
10528
10532
10538
10538
7295
7302
10566
10571
7336
10603
10603
10603
10606
7384
7391
7393
7396
7400
7404
7404
10636
10642
10646
10648
7423
7425
7425
10649
10663
10667
10667
10667
10673
10678
10689
7442
7447
10707
7455
7455
7462
7462
7462
10725
10725
7465
7465
10732
7468
10745
7486
10749
10749
10751
10756
7491
7491
7492
7494
10767
10769
10770
10771
10773
10783
10791
10795
10803
7520
7526
7526
10815
10817
10817
10819
10822
7537
7537
7545
10830
7552
7556
7556
7556
10845
10849
7562
7562
7562
7562
10853
7569
7571
7574
7579
7585
7591
7596
7599
7599
10866
10866
10866
7604
10875
7607
7607
7608
10885
7614
7617
7620
10897
7628
7633
7639
7639
7647
7653
10924
10924
10930
10933
10938
10943
10943
10946
10947
10947
10947
10951
10952
10952
10957
7693
7694
7696
7699
7701
7703
7706
7709
7710
7715
7730
10985
10989
10989
10989
7739
7740
7740
11000
11000
11000
11004
7746
11006
11027
11032
11035
11035
11035
7779
7781
11057
11057
11057
11057
7784
11066
11068
7790
7791
7793
7795
7796
7800
7800
7801
11100
11107
11114
7808
11128
7810
11130
7817
11142
7821
11148
11148
7825
11151
11154
11156
7831
7832
7832
7833
7834
11169
11175
11175
7837
7837
7841
7841
11185
11191
11207
11211
11218
11219
11222
11234
7852
7856
7856
7856
11240
7858
11244
11244
7860
11251
11251
7872
7878
7878
7878
11268
7884
11270
11270
11274
7890
7890
7890
11277
11282
7893
7894
7894
7894
7899
7901
7901
7901
11289
7904
11297
11299
11299
11301
11303
7909
7909
7913
11315
7917
7920
7923
11329
7935
7937
11334
7941
7942
7943
7948
7955
11361
11364
11364
11367
11367
7965
11371
11371
7968
7973
11376
7978
7983
11392
11393
11394
11395
11396
7989
7992
7998
7998
8000
8006
11402
11403
11403
11404
8009
8009
8009
11406
11412
11412
8020
11418
11419
11419
8027
11426
8035
8037
8042
8042
8048
11439
11441
11448
8059
11451
8063
8063
8066
11453
8069
11455
8069
8074
8078
8078
8079
8081
8083
11460
8085
11462
8088
8092
11465
8096
8098
8100
11469
11470
11477
11480
11481
11483
11486
8104
8105
11490
11487
11492
8110
11494
11494
11496
8112
8115
8119
8119
8123
11498
11498
11500
8126
8129
8133
11513
8171
11515
8173
11520
8178
8182
11523
11525
11528
8195
11531
11531
11532
11534
11534
11536
11545
8218
8222
11562
8228
11569
11571
8235
8236
11580
11581
11588
8254
11591
11595
11595
8259
8262
8267
8267
8270
11603
8273
8280
8286
8295
11607
11612
8298
11614
8307
11616
8310
8322
8328
8329
8335
8335
8340
11628
11629
11629
8350
8351
8353
8356
8360
8360
11637
8363
11639
8363
11640
8373
8377
11643
8385
8390
11661
11664
11665
8400
8404
11676
8410
8412
11679
8415
8422
8423
8424
8427
8429
8431
11684
11685
11686
8436
8437
11689
11707
11709
11710
11711
8458
8464
8466
8471
8471
8472
8472
11721
11721
8473
11723
11723
8478
11727
11730
11730
8484
8488
11732
8493
11732
8493
11742
8507
8516
8518
8518
5822
5818
11755
11755
11765
11770
11770
11770
14073
11776
14075
11779
11782
14078
11783
11788
11789
11790
11795
11807
14114
11812
14119
14122
11817
11819
14129
11827
11828
11831
11833
14130
11837
14132
11837
14135
14138
14138
11840
11841
11841
11842
11845
14140
14141
11848
14150
11853
11854
11855
14157
14160
14160
14161
11861
11862
11864
11864
11864
11864
14175
14175
14175
14175
14181
11869
14189
11874
11874
11875
14195
14198
14198
14198
14199
14199
11886
11886
14221
14226
14228
11901
11905
11911
14239
14244
14244
14251
14255
14255
14258
11924
14265
14265
14265
11927
11930
14275
14275
11933
11933
14282
14282
14282
14296
14296
11942
14305
11946
14313
14313
11953
11957
11957
11960
14339
11961
11961
14343
11969
11969
14361
14367
14367
11979
14400
14400
14409
14419
11996
12008
14436
12017
14452
12025
12029
14463
12035
12035
12042
14476
14476
14476
12046
12049
14486
14493
14493
12057
12073
12073
12073
12084
14528
12089
14532
12094
12100
12101
12106
12112
14551
14551
12113
14555
12116
12118
12119
12121
12123
12124
14561
14566
14574
14580
14580
14581
14584
14584
14584
14584
12142
12147
12149
12150
12150
12151
12153
12153
12155
12161
14622
12169
14639
14639
14642
12171
12171
14646
12173
12174
14646
12179
14654
14656
12180
12181
12181
12181
14666
12184
14671
12192
12201
12201
14697
12203
12204
12205
12206
12207
12208
14706
12209
12211
12214
12219
14716
14724
12221
12223
12226
14738
12228
12230
14745
14748
12231
14755
14755
12236
14759
14761
14761
12241
14764
14764
14769
14775
14779
12243
12243
12248
14781
14783
14786
12255
14792
14795
14795
14797
12261
14801
14807
12270
12271
14812
12273
14814
14814
14821
12276
12277
14822
14824
14834
14828
14835
14837
14837
14840
14843
14844
14850
12281
12282
12287
12287
12287
14854
14856
14862
12290
12292
12292
14870
14873
14875
12297
14883
14884
12299
12300
14891
14893
14895
14895
14899
12311
14901
14902
14903
14909
12313
12320
12328
12329
12331
12333
12333
12338
14917
14917
14917
14918
14918
14921
14922
14923
14923
14923
14926
12342
14933
14939
12346
14939
14942
12350
12359
12360
14947
12361
12366
12367
14950
12371
14953
14953
14955
12372
12373
14961
14962
12376
14965
14966
12380
12380
12382
12383
14970
12389
14974
14978
12393
12397
14979
14979
14982
12400
14990
12403
12403
12403
12405
14992
14994
14997
14998
12408
15003
15005
15008
12415
15010
15012
12417
15019
15026
15026
15029
15038
15038
15040
15040
12433
15040
15044
15045
12434
15046
15046
15051
15056
15058
12436
12441
15063
12443
12444
15064
12447
12447
15068
15070
15072
15075
12461
15103
15105
12482
12482
15113
15116
15123
15135
12518
12518
12525
15155
12531
12531
15163
15166
15169
15171
12540
15175
12543
12543
12543
12543
12543
15198
15198
15198
15198
15198
15198
15198
15213
15213
12559
15223
15233
15240
12576
15245
2409
3686
15286
15286
15311
12658
12658
12658
15343
12671
15349
12677
15351
12684
12689
15367
12695
12697
12704
12706
15389
15389
12708
12709
12709
15399
12716
15402
12719
12723
12725
15421
12725
12729
12732
15428
15428
12736
12738
12738
15433
15441
15443
12741
15446
15448
12746
12748
12748
12750
12757
15468
12770
12773
15488
15492
12783
15507
12794
15513
15515
15520
15521
12813
12813
15541
12829
12844
12847
12847
12850
15545
12854
15551
15553
15557
15564
15567
12864
15562
12866
15576
15584
12875
12875
12878
12880
12880
12886
15599
15609
15615
12892
15618
15618
15618
15618
15618
15618
12907
15642
15662
12936
12938
15666
15670
12947
12949
15672
12950
12951
15673
15675
12954
12957
12957
15677
15681
16978
5876
12976
15705
12983
15710
15713
12991
15720
12994
12994
12997
12997
12998
13000
15727
15730
15733
15733
13005
13005
13008
13011
15738
15738
15738
13016
13018
15740
15740
15743
15745
15745
15749
13028
13034
13041
15765
15772
15773
15779
15779
15781
15784
15787
15794
15798
15798
15798
15803
15803
15807
15812
15815
15820
13061
13064
15826
13078
13080
13082
15828
15828
13084
15833
13088
15843
15845
15845
15845
15846
15847
13094
13098
13103
13106
15858
15859
15860
13107
13110
13110
15861
15867
13116
15870
13124
13126
15874
15880
15880
13131
13150
15887
13153
13153
13153
13153
13160
13167
13167
15894
15896
13173
13177
13181
13181
13183
13183
15905
13187
13193
13198
13198
15914
13202
13213
15922
15923
15928
15930
15936
13216
15938
13219
13238
13238
15949
15949
13252
13255
13255
13257
13263
13269
13269
15960
15960
15963
15964
13273
15965
13279
13279
13279
13279
13282
15968
13286
13286
15972
15972
15975
13294
15979
15982
15983
15984
14383
13311
13316
13318
13320
13329
13333
13334
13337
16006
16006
16006
16012
16014
16019
13344
13344
13344
13348
16022
16024
13357
16027
13367
13367
16040
16043
16043
16045
16045
16046
16048
16048
16048
13376
13383
13383
13385
13388
13391
16052
16057
16057
16059
13398
16061
16061
16065
13402
16069
13406
16072
13413
16075
16077
16081
16081
16085
16089
16091
16091
16094
16094
13425
13428
13430
13432
13432
16100
13438
13443
13447
13447
16111
13453
13453
13453
13453
16123
16126
13460
13462
13462
13462
16136
13466
13466
13466
13470
13470
16138
13478
16140
16140
16140
16152
13491
13497
13501
16159
13506
13511
13511
13523
16180
16180
13526
16180
16184
13532
13534
16193
16193
13543
16206
16210
16211
16218
16221
16222
16225
16225
13569
13569
16230
16235
16235
16235
16244
13586
13586
16245
16246
13588
13595
16250
13598
13601
13601
13603
13603
16265
16268
16269
16272
13618
13618
16274
16276
16279
13629
16281
13636
13652
16285
13681
13681
16299
13686
13686
13689
13690
16305
13693
13695
13698
16310
16310
13705
13705
13709
16326
16326
13714
16340
16341
16342
16343
16348
13745
13749
16353
16356
13755
13755
13755
13757
13762
13766
13771
13774
16361
16361
13780
16363
13780
13786
13789
13789
13795
13795
16365
13798
16368
13800
13805
16373
13811
16377
16382
16384
13829
16392
16396
16401
16403
16404
16404
13849
13852
13855
13856
13858
13866
13867
13867
16409
13873
16411
13876
16413
16414
16415
16415
16415
13886
13886
13886
13904
13911
13911
16440
16440
16447
13919
16449
13924
13932
16454
16461
16461
16465
13954
13959
13973
16491
16493
16495
16497
16502
16505
13985
16511
16518
6202
13996
13996
16523
16531
16531
16537
16537
16542
16546
16550
16554
16557
16559
14021
16562
14023
14024
16568
16570
16572
16576
16576
16587
16587
16591
14039
16591
14039
14041
16599
14045
16599
14047
16607
221
16622
221
16627
16627
228
16632
234
237
16645
242
248
16649
16649
16649
251
256
256
256
16661
16668
279
279
280
282
16679
16690
16690
298
16698
305
309
311
313
313
16715
320
320
16729
326
326
328
16732
16735
16755
343
16765
360
364
366
16774
370
16781
374
16783
16786
377
377
16789
390
393
393
393
393
16798
16802
16805
397
16807
16812
16812
400
403
403
16816
409
412
16830
16833
422
16838
16845
16846
6204
16865
441
451
459
473
478
16898
16902
16902
16902
493
16912
16915
496
498
499
499
499
503
507
516
16942
16944
16944
525
527
16960
16968
551
551
551
551
551
551
578
16983
589
601
17011
610
610
615
617
17019
17020
17026
17026
622
17037
17037
638
17051
17060
706
17105
17107
17107
17107
17107
17119
739
743
746
17124
747
17130
17130
17133
748
17136
17137
754
762
17150
17153
17157
775
775
17166
779
779
779
17172
17175
17175
791
17188
17188
17192
798
804
822
825
839
843
843
849
849
17213
854
17220
857
864
17231
870
874
17239
17245
17247
876
17255
17255
17255
882
17258
17274
898
17279
905
905
907
17290
912
931
17324
17296
17328
937
17347
17351
946
17359
17364
953
955
17378
17384
958
958
964
17395
967
17403
1004
1014
1035
17433
1040
1046
1049
1054
1057
1060
1063
17445
1070
1077
1079
1079
1081
1082
17463
1083
17464
17467
17470
17471
17473
17474
17475
17477
17479
17480
17480
17480
17483
5904
17484
17486
17488
17488
1089
1089
17496
17498
17499
17499
1097
1097
1097
17504
17504
1101
1104
1109
17517
17519
17521
1117
1117
17524
17525
1124
17529
17533
17536
17536
1135
17538
1141
1143
1145
1145
17546
1148
1152
1153
1156
1157
17550
1159
1163
17554
17554
17554
1166
17557
1179
17568
17573
1191
17577
17579
17586
17590
1200
1211
1215
17605
17605
17609
17610
17613
1233
1235
1246
1249
17625
1261
17629
1267
1267
17631
1269
1269
1270
1271
1271
1271
1273
17638
17640
17640
17640
1289
17655
1291
17666
17666
17666
1300
1300
1300
17681
1307
17688
17688
1320
1321
1324
17694
17700
17701
17703
17705
17705
17696
17707
1334
1334
1337
17709
17711
1339
17713
1345
17717
1353
1357
1357
1357
17725
17728
17728
17741
17751
17751
17751
1380
17753
17758
17758
17758
17758
1392
17765
1401
17774
1405
17782
1414
1417
1418
1424
1425
1425
17783
1427
1427
17785
17786
1434
1435
1436
1439
17797
17797
1448
1448
1448
1448
17803
1451
1455
1455
1455
1455
1455
1457
1460
1464
1468
1478
1483
17819
17819
1490
17822
1499
17825
17830
17833
1504
17833
1504
1512
1518
17844
17844
17846
17848
1521
1521
17857
1533
1537
1537
17865
1546
1550
17875
17877
17878
17879
1553
1553
17886
1557
1557
17893
17894
1570
17895
1575
17905
17905
17910
17910
1588
1592
17930
17930
1601
1617
17943
1619
17951
1626
17960
17962
1640
1640
1642
1651
1651
1651
1665
1669
1671
1671
1671
1674
1676
1680
1683
1685
1685
17989
1691
1693
17995
18000
18006
18006
18006
1710
18024
18042
18045
18048
18052
18052
18055
1723
18059
1728
18072
18075
18075
18100
5909
1779
18138
1786
1786
1793
1795
18142
1795
18147
1799
18151
1802
18161
18161
18161
18161
1815
1818
18174
18177
18183
18185
18189
1841
1850
18201
18208
1857
1857
1859
1859
18212
18213
1865
18215
1872
18225
1875
18234
18237
1885
18238
1891
18254
18257
1904
1904
18262
18265
1922
1922
1937
1937
1937
1937
1945
1957
18280
18281
18282
18282
18284
18286
18290
1963
1966
1972
1972
1972
1975
18300
1978
1979
18302
18306
18310
1985
18319
18319
18319
18330
1995
18333
1998
2008
18339
18339
18341
18341
2017
2017
18350
18357
18362
2022
2024
2024
18368
2041
2050
2053
18390
2056
18394
2057
2062
2057
18403
2068
18406
18406
18408
18409
18413
2075
2075
18418
2082
2096
2102
2107
18437
18437
2114
2114
2117
2117
18456
18472
2135
2135
18479
2138
2142
2157
2160
18499
2165
2165
2165
18503
2171
2174
18509
2179
5
2188
2235
56
56
56
68
75
2243
77
2256
2270
2277
2282
106
2297
116
2311
2316
2320
2320
2320
2320
2320
2320
140
149
152
156
2342
2348
179
2373
184
2409
5453
5453
5453
5453
2414
4842
2418
2422
4847
2427
4849
2432
4854
4861
2442
2445
2447
2449
4875
4879
4881
4885
4891
2454
4895
4917
2474
2493
4958
4961
4961
2511
2511
2526
4980
2538
4992
5006
5012
2573
5015
2580
5021
5024
5036
2620
2632
2638
5051
2647
5066
5070
5070
5075
2661
5096
5106
5115
5124
2742
5144
2747
5159
5161
5164
2768
2780
2793
5185
5187
5188
2804
2804
2804
2804
2806
2810
2812
5202
5205
5205
2819
2825
5213
5213
5214
5214
5215
2827
5216
5216
5217
2836
2836
2846
5226
5233
5233
2857
5235
5235
5235
2866
2866
2866
5240
5240
2871
5241
5243
5243
2884
5253
5255
5257
2887
2888
5258
5261
5261
5266
2894
2896
2901
2901
2901
2901
2901
2901
2901
2901
2901
5275
5281
2923
2924
5284
5285
5288
5290
5294
5294
2928
2928
5301
5309
5313
2938
2938
2946
2957
2962
5336
5336
2970
2979
2981
5372
2987
2988
5376
5379
2991
5386
5393
5393
2997
2997
2998
2998
5399
5404
3011
5414
3015
3015
3015
5434
3029
3033
5441
5441
5441
5441
5441
5441
5441
5441
5465
5469
3077
3083
5516
3089
3089
3095
5537
3106
5540
5543
3115
5547
5549
3122
3126
3132
3132
3142
3142
5561
3155
3155
3155
3155
3163
3165
3166
3167
5570
3171
5572
3171
5572
3171
3172
3173
3173
3173
3209
3199
3178
3217
3218
3221
5620
3224
5623
3234
3234
3242
3246
3248
5632
3254
5634
3268
3268
3289
5646
3289
5653
3295
3297
5663
5663
3315
5675
3324
3326
3329
3330
3331
5680
3338
5682
5684
5685
5689
3362
5694
5709
3375
5711
3380
3386
3390
5719
3395
3397
3401
5727
3404
3405
3408
3410
5736
5739
3413
13201
3419
3420
5758
5760
5781
5781
5794
5804
5804
5804
5821
5826
1956
5828
3463
5837
3482
5870
5860
5877
5883
5883
3504
5900
3509
3511
3512
3512
5910
3514
5915
5916
5928
5928
5928
3530
3530
3530
5930
3540
3544
5940
5941
3567
5955
3575
5974
5983
5985
3587
5996
3595
3601
6006
6023
6029
3633
6042
3641
3649
3651
3651
3652
3654
6063
6068
6068
6068
6068
6068
6068
6068
6068
3668
3668
3673
3680
6081
6084
6081
3683
3689
3689
6092
6093
6095
6095
6098
6100
6100
6104
3699
3702
6113
6126
3717
3718
3718
3722
3722
3724
3729
3734
3735
6139
6139
3737
3737
3741
3744
6147
6150
3752
3752
3767
3767
3767
6180
3770
3773
3773
6185
3780
3788
3798
6196
3806
3810
3815
3823
6211
3846
6220
6220
6220
3856
3859
6230
6230
3866
3873
6240
6241
3875
3883
3884
6242
6245
6245
3887
6248
6248
6249
3888
3889
6250
6257
3891
6264
6278
6280
3913
3913
6282
6284
6289
3921
6293
3928
6297
3931
3934
3938
3938
3940
3943
3946
6303
6309
6309
6310
6310
6314
6315
3954
6319
3959
3962
6324
6327
6330
6330
6330
6332
3986
3989
6333
3996
6334
6335
4000
6337
6338
4007
4013
4017
6339
6340
4023
6345
4039
4039
4039
4046
4046
6352
6353
6354
6356
4052
4058
4065
6358
4073
4069
6362
6363
4076
4078
6367
6367
6371
4090
6373
4092
4095
4104
6379
4105
4107
4107
4107
4107
4107
4107
4107
4107
4107
4107
4107
4107
4107
4107
4107
4118
4121
4120
4124
4128
4130
4134
4136
4137
4130
4143
6387
6385
4145
6390
6394
6397
6401
6409
6412
4185
4185
4185
6415
4190
6417
6420
6420
6420
6420
6420
6420
4208
6423
6423
6423
4232
6435
6444
6444
6456
4265
4269
6461
6462
6462
6462
4276
6474
6474
6480
4289
6484
4290
4294
4296
4299
6486
6486
4306
6490
4310
4314
4315
4316
6496
4322
4325
4325
6504
4330
6511
4334
4337
6518
4341
6522
4345
4347
4347
4347
4348
6530
6531
6531
4351
6532
4355
6534
6534
6534
6534
6536
6536
6540
4360
6543
6544
4365
6546
6548
4371
6554
6557
4386
4386
4386
6569
4395
4411
6580
6582
4426
6584
4427
2536
4433
6592
6594
6594
6595
6596
6596
6597
4449
4452
4452
4452
6598
6600
4464
4468
6603
6605
6609
6609
6609
6609
6609
4490
6615
4503
4507
4507
4507
6624
6626
6628
6629
4511
6631
6635
4517
4518
4518
4518
4518
4518
4519
4525
6651
4529
4530
4530
4553
4555
6687
4575
4576
4585
4587
4589
6699
4589
4599
4602
4612
4621
6702
6706
6711
6712
6721
4630
4633
4635
4640
4643
6730
6733
4648
4652
4656
6751
4665
4665
6755
6819
4685
6761
4688
6763
4692
4692
6769
4697
6774
4704
4708
4708
4711
4711
6782
6784
6786
4721
4724
6788
4726
4731
4731
6792
6792
6798
6807
4735
4738
6819
6825
4748
4749
4752
6829
6832
6839
4764
4765
6848
4760
4769
6852
4775
4775
6858
4783
4791
4796
6863
6863
6870
6874
6877
6879
6881
6885
6892
6892
6892
6892
5920
4821
4822
4826
6898
6898
6898
4830
6912
6916
8871
8866
6923
6927
6931
8891
8891
8908
6945
6945
8912
8922
6949
6952
6954
8950
6957
6962
8955
8955
6967
6967
6967
8967
6974
8987
8993
6979
6987
6987
9014
9018
6991
6991
7000
7001
7003
9036
9062
9062
9062
7030
7030
7030
7032
7034
7035
9078
9083
9085
9085
9093
7049
7053
9109
9109
9109
9114
9114
7062
7062
9129
7068
7068
7068
7069
7069
9157
7090
7094
9166
7100
7100
7100
7102
7105
9186
9191
9192
9194
7113
7121
7127
7127
7131
7135
9223
9223
7142
7148
7150
9236
9236
9236
9239
9241
7156
7156
9244
9244
7162
7170
9257
7172
7173
9258
9264
7175
9267
7179
7180
9268
9269
9270
9271
9272
7181
7183
9275
7184
7185
7188
9277
9278
7191
9279
7192
7193
9280
7195
9281
9282
7188
9283
7196
9284
7200
7202
7207
7208
7210
7212
9297
7219
9298
7220
7223
9305
9314
9315
7232
9315
7233
7236
9317
9318
9319
9320
7239
9323
7240
7245
7249
7251
7252
7254
7256
9330
9330
9332
9335
7261
9336
9344
9346
7268
7270
9349
9352
7273
9356
9359
7279
7282
7315
9385
7318
9387
7328
7331
9391
7332
9395
7345
9397
9400
9400
9401
9403
9407
9410
7355
7357
7357
9413
9415
9416
9416
7360
7362
7365
7366
7366
7369
7371
7372
7374
9437
9438
9438
9438
9438
7377
9446
9448
9449
9451
9452
9453
9456
9458
9460
7387
7390
7392
7390
7392
9468
9476
9478
9482
7398
5954
5958
7401
9488
9490
9494
7405
9499
7408
9502
7411
7412
7414
9505
7417
9506
9510
9511
9511
9514
9517
7422
7422
9518
7428
9524
9526
9530
9530
9530
9530
9530
9530
9533
9534
9535
9535
9538
7439
9544
7444
9548
7449
7450
7451
7453
7454
9552
9554
9555
9555
9555
7458
7459
9562
7460
9563
9566
9566
9566
7464
7466
7466
9575
7469
9577
9580
7471
7472
7472
7473
9585
9587
7475
7475
9591
7477
7479
9596
7481
9596
7482
7485
9599
7487
9606
9606
9611
7493
7497
9618
9622
9624
9627
7504
7504
9633
9633
9650
9652
7516
9656
9658
9660
7521
9662
7524
7528
7530
9665
9665
9668
9670
7533
7533
9672
9674
7536
9675
9675
7539
7542
9681
9685
7547
9689
9692
7554
7555
7557
7560
9694
9697
7564
7565
9698
9702
7567
7567
7567
7570
7570
7572
7575
9706
7580
9707
9709
7583
7583
9713
9713
7586
7586
9714
9715
9719
7590
7590
7592
7595
7597
9732
7602
7603
7603
7603
9736
9737
7609
7612
7623
9745
7623
9761
7638
9770
9772
9772
9772
9778
7646
9784
9784
7652
9786
9786
9795
9799
7660
7666
7669
9809
7679
7682
9821
9822
9824
9825
9827
9827
7687
7689
9844
7704
9853
9854
7712
7713
7713
9857
7717
9864
9866
9870
9872
7721
7721
7721
9877
9880
9886
9892
7732
7738
7742
7747
7749
9908
9912
9915
9922
7757
7760
7762
7764
9941
7768
9962
9968
7786
7788
9977
9977
7798
7805
9997
9997
7809
7809
7812
7816
7822
7822
7822
7822
7822
7829
10021
10021
10021
7835
10028
7836
10030
10034
7839
10043
10050
10052
10054
7843
7844
10056
10067
10073
10081
10085
7853
10088
7857
7861
10096
10101
7868
7868
7875
10107
10107
10110
7882
10113
10113
10113
7885
7886
10118
7892
10126
10127
10127
10127
7906
10132
7911
10134
7914
7915
10135
10136
10139
10139
10141
7929
10146
10148
10148
10153
10157
10159
7933
10166
7938
7939
10175
10175
10187
10209
7957
7962
7967
10222
10225
7972
10228
7980
10244
10248
10253
10254
10257
10260
7996
10263
10263
10266
10267
8002
10300
8013
10308
10308
10308
10310
10315
8021
8021
10334
10341
8024
8025
10350
8029
10357
10366
10371
8043
8051
10389
10389
10389
8055
8055
8068
10410
8077
10414
8080
10418
10423
10426
8090
8093
8099
8101
10434
10442
10442
10447
10447
10447
10459
10462
8146
10492
10497
10514
8167
10518
10520
8172
8172
8177
8180
10529
8184
10533
8186
8191
10537
8193
10542
8210
10550
10550
10558
10559
10559
10563
10574
8217
8226
10588
8229
8229
8233
8234
8242
8247
8251
8251
10605
8257
8258
8258
8258
8261
8263
8271
8275
8275
10614
10614
10617
10617
10622
8299
10629
8319
10634
10634
8325
8325
8325
10640
10640
10640
8336
8336
8344
10647
8346
12851
8352
10651
10654
10657
8359
8361
10660
10664
10664
10666
10668
10670
8364
8371
8374
8374
10691
10691
10691
10691
10702
10704
8388
10708
8393
10718
10720
10724
10724
10724
10724
10724
10727
8401
10737
10738
10739
10742
8411
10747
8416
10748
8421
8428
8428
8432
8433
10757
10758
10758
10758
10764
8444
8446
10768
8448
10772
8453
10774
8455
8455
8462
10779
10779
10781
8470
10790
10794
10798
8496
8501
8508
8525
8532
8540
8542
10836
8545
10841
10843
10843
10852
8553
8556
8564
8564
8567
10860
10861
8568
8570
10868
10868
8582
8583
10899
10899
10901
10904
8591
10911
10911
10914
8596
8604
8604
8608
10926
10931
8621
5981
8631
8637
8645
8646
10970
10970
10976
10980
10994
8669
8669
8672
8673
8677
8678
8682
11005
8696
11024
8713
11030
8713
8722
11085
11089
11098
11101
11109
11113
11113
11129
8779
8784
8784
11147
8788
8790
8793
8801
11165
11165
11168
8803
11186
11195
11201
11209
8848
11214
11217
11223
11223
11227
11227
11233
13122
11237
11239
11241
11241
13127
13135
13144
13159
11255
11259
11261
11261
11261
13166
11264
11266
13171
13175
11279
11279
14794
11305
13210
13204
13212
11312
11312
11317
11317
11321
13220
11331
13228
11338
13237
11341
13241
13244
13247
11345
13254
11349
11350
13262
11339
11363
11366
13287
11368
13295
13295
11377
18068
11390
11397
11398
11398
13347
13347
13347
13347
13352
13359
13363
13369
13370
11411
11413
11416
11420
11420
11420
11420
13389
13390
13392
13394
13396
11436
13401
11444
13411
13416
11452
13427
11457
11457
11461
11464
11467
13433
13437
11474
11476
11479
11479
11484
11489
13450
13450
13452
13456
13457
13459
11503
13469
11504
11504
11506
11506
11506
13479
13486
13489
13492
13492
13496
13500
13505
13507
13509
11517
13516
11522
11522
13519
11527
11527
11527
11527
13533
13535
11535
11535
11538
11540
13549
13549
13549
13552
11547
11540
13557
13559
11553
13565
13565
11556
11558
11566
11566
11566
11568
11573
13573
11578
13578
13578
13578
13578
11584
13585
13968
13590
13590
13593
11596
11604
13616
13619
11626
11633
11636
13637
13643
13643
11647
11650
13658
11651
11651
13663
13675
14387
11663
11668
11669
11675
11678
13707
13710
13723
13725
11690
11691
11694
13738
13738
13739
11700
11701
13747
13748
11706
13750
13752
13753
13753
11708
13754
13763
13769
13773
13775
11713
11717
11717
13782
13784
11722
11722
13799
11728
11731
11741
13816
13833
11760
13853
13854
11763
11763
11764
11774
13870
11778
13880
13881
13881
13883
13883
13883
13890
11793
11797
11808
11821
13962
11829
13975
11835
11838
13978
11876
14043
11881
11883
11887
14050
14050
11899
11906
14065
11912
11912
11909
11917
11925
11926
11931
14082
11943
11950
14126
14126
11965
11965
14164
14145
11971
14166
14170
14172
14173
11976
14176
11978
14177
14179
14183
11982
11983
11987
11989
11989
11993
14191
11995
11998
14213
12001
12022
14231
14241
14249
12031
14250
12038
12040
12045
14260
12047
14262
12047
12052
12052
12055
14266
12074
14273
12080
12080
12083
12086
12086
14286
12102
12102
12103
12103
12103
14310
14319
14323
14344
14344
14350
14360
12126
14380
14380
12128
12128
12132
14397
12136
14403
14407
12139
14411
14411
14414
12141
14421
12146
12148
12148
12148
12152
12156
12157
12159
12163
14442
12170
14447
14447
14447
14451
14451
12175
14458
12177
14461
14466
14466
14474
14477
14479
12183
14483
14483
14488
14492
12193
12197
14496
12200
14499
14502
14503
12210
14511
12212
14518
14524
14538
12227
11338
12238
14557
14560
12246
12250
14578
12259
12262
14585
12263
14588
12264
14588
12268
14592
12272
12272
14594
12274
12274
12278
14605
12280
14606
14607
14611
12284
14616
14619
14619
14623
14623
14623
12294
14627
12298
12301
14632
12302
12308
14640
12309
14643
14648
12310
12314
201
14651
12316
12316
12318
12319
12319
12319
14657
14657
14661
12322
14664
12326
12327
14668
12332
12335
12339
14673
14674
12343
12345
12349
12351
14680
14682
14683
12353
14687
14690
14690
14693
14695
12355
12369
12374
12377
14721
14723
12385
12388
14757
14757
12391
12394
14776
12398
14780
14782
14791
12401
12409
14805
14805
14815
12414
14820
14829
12420
14836
14836
14839
14845
12421
12422
12423
12425
12426
14852
12427
12427
12429
12430
14860
12431
14863
14868
14874
14874
14879
14879
14880
12435
12442
14904
12445
12448
12448
12449
12449
14925
14929
14934
14934
14934
14938
12453
12458
14956
14956
12465
12465
12471
12471
12473
12473
12473
12473
12475
12480
12483
14972
12489
14983
12495
12501
15004
12508
12510
12510
12514
12514
12520
15013
15021
15022
15016
15023
15024
15027
15030
15032
12534
12537
12537
15037
15039
15043
15043
15050
15052
12553
12555
15061
12565
15067
15071
15071
12570
12579
12582
15077
12584
12587
12589
15078
12591
12591
12591
15084
12595
12598
12599
12599
12599
12602
12606
12606
15090
15090
15093
12615
15097
12619
12621
12622
12624
12630
15101
12634
12634
12634
12634
15106
12644
12644
15109
15120
15138
12667
12683
15154
12688
12688
12691
12692
12692
12694
12698
15162
15167
15177
15180
15182
15191
15195
15207
12718
12721
15214
15214
15217
15217
15219
15224
15227
12730
12737
12735
12737
15238
12744
12744
15241
15248
12752
15260
15265
15265
12758
12760
12762
12763
12764
12765
15280
15281
12767
12812
15291
12815
15297
15299
12817
12820
12822
12826
12828
12828
12831
15303
15303
12835
15307
12842
12857
12861
12863
12862
12865
15318
12872
15327
12883
12901
15355
15355
15358
15362
15363
12911
12911
12912
12915
12916
15365
15377
12926
12943
15385
12953
15385
12952
15388
12955
12955
12956
12960
12962
12963
15395
12966
12968
12968
15401
12971
15401
12972
15404
12978
12978
12981
15411
15413
15414
15414
12984
15419
15419
15422
12990
12993
15434
15438
15438
15438
13004
13006
15458
13015
13022
13022
13022
15479
13042
13043
13045
13048
15503
13059
13059
13059
15540
15540
13069
13075
15547
15566
15572
13092
15586
15595
15601
15619
15623
15627
15633
15636
17396
15659
17411
15661
17415
17416
17417
17418
12098
17440
15691
17452
17452
15691
15712
17472
15718
17481
17481
15732
15736
15736
15742
17502
17503
17505
17507
15752
15762
15768
15774
17535
17543
15811
15811
17548
17548
17548
15819
17560
15824
17563
17571
15836
15839
15844
15844
15849
15849
17581
17581
17581
17581
17583
17583
15856
17587
17587
15863
15866
17591
17591
15881
15881
17604
17604
15885
15889
17612
15892
17615
17630
17634
15907
15909
15910
15911
17637
17639
17644
17646
15915
15916
17647
15919
15920
15920
15925
15929
15929
15931
15933
17656
17661
17661
17661
17664
15941
15941
17669
15945
17670
17673
15947
17676
17682
17685
17689
15955
15957
15958
15959
15959
15962
17702
15967
17706
15976
15976
15978
17715
15981
15981
15981
17716
17720
17721
15990
15990
15990
15990
17726
15996
17736
17738
16000
16002
17742
17743
16004
16005
17749
17749
16009
16009
17754
17760
17760
17768
16023
16025
16028
17775
17775
17777
17778
17780
16038
17780
16041
16041
16041
16041
17793
16051
17796
17798
17799
16055
16080
16084
16084
16088
16092
16092
17836
6028
6030
16096
16096
17840
16097
17841
16098
16098
17842
17845
16103
16103
17851
17851
16107
16107
16116
17866
16117
16120
16125
16130
17883
17887
16143
16143
16147
16150
17891
17892
17892
16162
17904
16164
16168
17911
16171
16174
16174
16174
16176
17918
17919
17921
16178
16182
16189
16190
16194
17934
16212
16216
17961
17965
16231
16231
17985
17990
17997
18005
18005
16264
16264
18014
16270
16271
16275
18039
16277
18044
18047
18049
18053
18056
18056
18065
16287
18083
16293
18087
18093
18103
16304
16319
18129
18129
16331
18143
18146
16337
16345
18160
18171
16349
16349
18175
18175
16354
16355
18179
16360
16364
18186
16370
16370
16370
16372
16372
18191
18194
16375
18197
18203
16383
16389
16395
16395
18222
18222
18222
18226
18229
18236
18242
18242
18247
18252
16417
16422
18256
16425
18263
18263
18267
18268
18268
16431
18273
16433
16443
16446
16455
18283
18283
16464
16466
18292
16475
18298
18304
16486
18332
18335
18335
18336
18342
18342
18344
18346
16517
16517
16517
16521
16522
16522
16524
18369
18369
16526
16529
18373
18373
18381
16534
18382
16535
18385
16539
18387
16545
18396
16561
16563
16563
18412
16566
18415
16579
18417
16582
16584
16584
18446
16619
16625
16625
16625
18452
18452
18455
18458
18458
18461
16639
16642
16647
18465
18468
16656
18492
18497
16670
16675
16681
18508
16696
16700
16704
2
16710
16710
10
16720
12
12
12
16727
16730
23
25
16744
16744
30
30
34
34
38
49
49
49
49
16772
73
73
73
79
79
81
88
88
91
16795
16796
16800
16800
16804
16804
102
16811
16811
16822
118
124
16826
16839
16839
16839
16839
155
159
162
169
16864
177
177
16867
16869
185
185
185
185
185
185
190
199
199
216
227
16896
231
16897
16897
16897
16905
245
260
272
16928
16932
16935
281
288
294
16938
16941
300
303
315
16964
334
16974
16976
340
342
16981
347
347
353
362
16993
16995
368
369
17007
17012
17018
398
17039
428
429
434
448
452
456
456
461
463
17081
17086
466
466
17100
469
474
488
488
17128
511
520
534
537
537
17184
552
560
17194
579
583
17197
584
593
17203
602
17210
17212
17214
606
607
608
608
608
608
611
17218
612
613
17222
17227
17230
17234
620
620
17240
624
625
17250
17250
628
630
17254
635
636
17256
17256
17256
17257
639
642
648
650
650
650
650
654
17265
17267
656
17268
17270
660
17273
17277
17277
683
684
689
689
692
694
17303
17306
17311
17315
704
17317
705
712
16022
16022
17336
17339
722
722
715
723
17348
2640
753
757
758
758
781
785
2669
2679
2690
2690
807
809
810
2703
2703
2703
2703
813
819
2707
829
2709
831
833
838
846
852
2721
868
2739
2743
2743
916
919
2778
2795
2795
2807
2813
2814
2814
2821
2821
939
2830
943
2845
970
976
984
2870
992
2872
995
998
2880
2890
1015
2897
2898
2899
2904
2906
2907
2908
2909
2910
1029
2912
1038
2915
1047
2933
2933
2933
2939
2943
1085
1085
2945
1085
2949
1088
2952
1093
2953
2960
2960
2965
2965
1119
2990
2992
2993
2995
1127
1133
3001
3002
1136
3003
1138
1139
3006
3007
3009
1155
1155
1155
1158
3016
3019
1164
3023
1169
3027
3028
3028
3031
1171
3034
3038
3038
3039
3041
3041
1177
3046
3050
1182
1182
1183
1183
3056
3060
3063
3065
1185
1197
3071
3073
3074
1202
3075
3078
1207
1207
1210
3084
3086
1214
1214
3090
1217
3091
1222
1229
1231
3096
3096
3098
3098
3098
1237
3104
1244
1251
3112
1257
3113
3113
1262
1265
1266
3123
3124
3137
3144
1375
1375
3144
1375
1476
3250
1486
1489
3260
1498
1498
1498
1498
1503
1503
3270
1509
1516
3282
3287
3287
3305
3312
1524
1526
1526
3319
1536
3325
1542
1549
3343
3343
3343
3349
3356
1555
1561
3370
1572
1572
1572
1572
3374
1580
3387
3389
1595
1611
3415
1636
1638
1639
3426
3428
3428
3428
3428
1657
3433
3436
3439
3441
3444
3444
1662
3446
3446
1668
1668
1668
3456
1694
3458
3458
3461
3461
3462
3468
1706
1707
1718
1722
1731
1733
1736
1736
1739
6090
1744
3519
1753
1753
1753
3526
3531
3535
6466
3545
1771
3548
3552
3553
3556
3561
3565
1778
1778
1782
1784
3570
1787
1797
3578
1803
3584
1811
1811
1816
3591
3592
3592
1819
1819
3598
3598
1827
3619
3621
3623
1834
3627
3627
3630
3631
3637
1844
1849
1849
1853
3644
3648
1856
3647
3653
3653
1858
1861
3655
3657
3657
3658
3658
3659
3662
1868
1871
3671
1880
1882
3684
1888
3687
3687
1893
1893
1893
1894
1894
1896
1896
3691
3691
3693
1900
3694
3697
1902
3701
3700
1911
1914
1914
1917
3711
1919
3712
3713
3714
1921
1925
3716
1933
1939
1947
1951
1954
1965
1974
1974
1974
3732
3742
1991
1993
3745
3747
3751
3756
3756
3756
2005
2005
2005
2005
3763
3765
2020
3769
3776
3777
2030
3792
3792
2034
2034
3797
3797
2039
3803
3813
3813
2045
3826
3829
3834
3834
2060
3855
2063
3857
3860
2064
3862
3847
3863
2067
2067
2067
2067
2067
3874
3877
2079
2086
3881
3886
3886
2089
2091
3893
3895
2098
2109
2122
2127
3957
3970
3975
3979
3981
3982
3988
3988
3988
3993
2152
3999
2159
4005
2167
2167
4016
2177
4028
4028
4028
4028
2180
4030
2180
2184
4033
2190
2190
2193
4035
2194
4036
2195
2197
2199
2201
4037
4040
4044
4045
2205
2208
4057
4063
2219
2220
2220
2220
2220
2220
4082
2222
4085
4089
2224
2232
4098
4106
2236
4110
2238
4113
2244
2244
2253
2265
2268
2269
2269
4154
2276
2283
2286
2288
2288
4162
4162
2292
4165
2295
4166
4169
4169
4169
4169
4169
2298
2301
2301
4172
4174
4177
4178
4181
4181
4182
4184
4184
4188
2310
2310
2310
4192
4192
2315
2317
4195
4195
2321
4195
4200
4206
2328
2331
2333
2335
2339
2339
2341
2344
4211
2350
2350
2350
2350
2352
4215
4217
2357
2358
4219
4220
2360
2361
2361
4226
4227
2369
4231
2370
2370
2370
4244
2377
2379
4252
4254
2384
4257
2392
2392
2401
2405
2413
2415
2415
4274
4274
2420
2424
2425
4280
2434
2439
2443
4284
4286
4286
4298
2452
4307
4309
2461
4318
2463
4320
2464
2468
2470
4326
4326
4329
4331
4336
1666
2479
2475
4346
4346
4350
4362
2495
2498
2503
4376
2509
2509
2518
2519
4383
2522
2524
2525
2527
4385
2534
4389
4391
4394
4399
4399
4403
2547
2547
4407
4407
4409
4414
2549
4418
2552
4428
2556
4434
2563
4439
4440
4442
4445
2568
10444
2575
2578
4451
2583
4455
2587
2591
2592
4457
4459
4459
4461
4462
4467
4469
2598
2600
4474
2601
2603
4481
6225
6186
6225
6097
6103
6066
6111
6112
4494
2607
4496
2608
2617
4510
4510
4510
6459
6472
4522
6479
4528
6483
4542
4542
6500
6505
4558
4560
6529
4563
4563
4569
4571
6533
4572
4572
6535
4574
6537
4581
6541
6559
4584
4584
6564
6564
6566
4590
4590
4594
4594
6576
6588
6588
4622
6591
4624
4627
4641
4641
4641
6611
6611
4661
6618
6618
4664
4667
4670
4672
6634
4682
4686
6640
6642
6645
6649
4696
4725
4730
4730
6666
4734
6669
4739
6671
6680
6686
4746
6690
6693
6698
4756
6700
4763
4773
4773
4778
4779
4779
4779
4779
4779
6703
4787
4801
6723
6723
6731
6734
4840
4840
4843
6746
4853
4856
4862
6756
4870
6767
6772
6777
4890
6777
4894
4904
4916
4926
6789
6797
6804
4933
6809
6809
4936
6817
6820
6823
4949
4955
6841
6841
6857
4982
6872
6872
5000
5000
6882
6886
6890
5018
5018
6904
6926
6926
6926
5039
5039
5039
5039
5039
5041
5041
5044
5054
6951
6951
6953
5060
5063
5092
5095
6966
5098
6972
6972
5102
6975
6975
6978
5113
6985
6986
5120
6990
6990
6993
5123
7033
7033
7033
5447
5449
5123
5160
7026
7027
7033
7033
7033
7045
7045
7048
7048
7048
7052
7054
5189
7056
7056
5195
5193
5196
7060
7061
5210
5208
5208
5208
5123
5123
7072
7074
7072
5227
5227
7087
5236
7092
7098
7106
5247
5248
5249
5250
5254
5254
7120
7120
7122
7124
7130
7130
7130
7130
7136
7140
5272
7144
5280
5280
5289
7147
7147
5292
7149
7149
5317
7169
7169
7186
5327
5327
7190
5330
5330
7198
5337
7201
7203
7203
5346
5340
5352
5352
5359
5359
5363
5366
5368
5370
5373
5375
5375
5375
7217
5381
7221
5384
5389
5395
7227
7228
7229
7231
7235
7237
7237
5402
7242
7244
5406
7246
5410
7250
5417
5419
5422
5422
5422
7257
5422
7260
5437
7262
7262
7264
7264
5444
7265
7269
7269
5448
5454
7278
7280
5457
7288
7290
7298
7301
7303
7309
7317
7319
7319
7061
5466
5466
5471
7325
7327
5483
7335
5486
7339
5493
5493
5508
7351
7353
7353
5529
5529
7356
7358
7386
7397
7402
5562
5566
5571
7426
8127
14371
5586
5586
5586
7443
7446
5592
5592
5593
5593
5593
5594
5597
5597
5621
5624
5626
7470
5627
5628
7476
7484
5647
5647
5647
5651
7488
5655
7488
5661
5662
5672
5672
5674
7495
7498
5687
5690
5693
7503
7505
7506
5700
5701
5701
5704
5706
7509
7511
7511
5708
7519
5713
7522
5718
5718
5718
5723
7531
5728
7535
5734
7538
7538
5740
7544
7544
5742
5743
5745
5745
5749
5750
5750
7551
5754
7558
7563
5763
5766
5756
5756
7577
5769
5772
5775
5776
7582
5778
7584
7587
7587
7598
7600
5793
5793
5793
5797
5800
7605
7605
5809
7610
7611
7615
7618
7625
7632
7632
5823
7636
5829
5834
5836
5838
7649
7649
5840
7651
5842
5844
5844
7654
7656
5848
7663
7665
7671
5851
7681
5856
7684
5859
5863
5865
7688
7691
7692
7692
7697
7702
7705
7707
5874
5878
7714
7716
5880
5885
5893
5897
5901
5902
7720
5907
5913
7724
5922
7728
7735
7735
7737
7741
7741
7743
5932
7745
7745
5934
5939
5943
7748
5945
5949
5949
7750
7752
5952
7755
5956
5960
7759
5962
5964
5964
7761
5967
5970
7765
8006
5973
7770
5976
7771
5978
7773
7774
7775
5980
5990
7785
5994
5994
7789
5995
5995
5998
7792
6008
7802
7819
6036
6036
6041
6041
6041
7828
6046
6049
6055
6059
6059
6062
7840
6071
6074
6074
6074
7842
6076
6083
6091
6091
7845
6094
6094
6094
6096
7846
6099
7850
6107
7851
7854
7854
7854
6117
6121
6124
7866
7866
7866
6128
6130
6134
6135
7871
7873
7873
7877
6145
6146
7881
6149
7887
7889
7896
7897
6174
7902
7907
7908
6181
7918
6189
6190
7922
7922
6193
6200
7932
7932
7932
7932
7945
7947
6217
6223
6224
6224
6224
6227
5436
7951
7953
6237
6239
6204
6243
6256
7956
7966
6274
7970
7975
7976
7976
7976
6302
7985
7987
6306
7990
7991
7999
6317
6329
8008
6331
6331
8010
6343
6349
8045
6375
6386
6391
8070
6399
6399
6403
6407
6410
6421
6424
6430
6432
8117
6434
8121
8128
6437
8132
6439
6440
6445
8139
2409
8149
8151
10174
8153
8155
8160
8164
8169
10188
10188
10191
10193
8176
8176
10194
10194
10197
8183
8187
10198
8189
8192
10204
10206
10207
10207
10207
8196
8197
8201
10211
8204
8204
8204
8204
10212
10212
8208
10216
8215
8215
10218
10219
10223
10224
10226
8220
10227
10218
8223
8227
8227
8227
8227
8227
8231
10236
10237
10240
10241
8238
8241
8243
10243
8244
10247
8248
8248
10249
10252
10256
10259
10264
10268
10268
8260
10269
10270
8264
8264
10272
8265
8268
10278
8272
8274
8276
10281
8277
8278
10283
10287
10288
8281
10289
8282
8283
10291
10292
8279
8284
8287
10296
10298
10299
10301
10302
10306
10309
8288
8289
8290
10312
8291
8292
10306
10313
10314
10316
8293
8294
8294
8294
8294
10319
8296
8300
8301
10321
10322
8304
10323
10324
8305
8308
10326
10328
10329
8309
8311
10333
8313
8315
10337
10337
10337
10337
10337
10340
10343
8316
10345
8317
10346
10348
10349
10351
10352
8333
10355
8337
10359
8338
8339
10360
8341
8342
8343
8349
8349
8349
10365
10367
10372
10374
10375
10376
10376
8358
8358
10380
10382
10382
10386
10906
10391
10391
10391
8370
10393
10395
10398
10400
10401
8378
8381
8383
8383
8386
10412
8389
8392
8392
8392
8392
8392
10430
10432
10433
10433
10433
8397
10427
10427
10436
10450
10445
8403
10456
10456
10456
8409
8413
8417
8420
8430
10484
10487
8435
8438
10499
10499
10499
10502
10506
10506
8441
10512
8443
10524
10524
10524
10539
10548
8460
10553
10553
10554
10562
8476
10567
10568
10569
8482
8483
10575
10576
8489
10577
8492
8492
8495
8497
10581
10583
10583
10585
8499
10591
10593
10596
8502
10597
10599
10599
10599
8505
8505
8505
8519
8519
8522
8526
8528
8534
8539
8541
8541
8541
8547
8552
10627
10628
8557
8558
10632
10633
10638
8566
10652
8577
8578
10655
10661
10674
10677
8600
8605
8607
8607
8609
8609
10703
8612
10710
10710
10710
10710
10713
10715
10715
10715
8622
8625
10721
8630
10729
10729
8634
8634
8636
8639
10740
10740
10743
8650
8651
8655
8658
8658
8658
8664
10755
10763
8687
8690
8697
8709
8709
8712
8716
10784
10784
10784
8724
10787
10792
8737
8737
8738
8740
10799
8742
10800
8748
8751
8751
8751
8756
8756
10807
10807
10812
10813
8762
8762
8764
10816
8767
10821
10823
10823
8773
8775
8775
8776
8776
8776
10828
10829
8778
10832
10834
10835
10835
10835
8782
8785
10842
10846
10850
10824
8789
8798
8799
8800
10858
10864
10869
8808
6727
8810
8811
8816
8817
10873
8820
8821
8823
8824
8825
8826
8827
10881
8829
8832
8833
8834
10886
10887
10889
8835
8836
10890
8837
8838
8841
8842
10892
10893
10894
10896
10895
10895
10902
8844
8845
10903
8852
10908
10910
10913
8853
10915
10916
10918
10918
8855
10919
10919
10922
10922
8861
8861
10927
8865
10928
8877
10932
8882
10934
10935
10937
10942
10944
10945
10945
8886
8886
10948
10950
8889
8889
8892
8893
8893
8896
10944
8897
8898
8900
8902
8904
10953
10956
10959
10961
8911
8920
10964
8926
8929
8930
8940
8941
8945
10966
8946
10967
8947
8948
10968
8949
8951
8953
8953
10972
10975
10978
10978
8961
10981
10981
8962
8963
10984
8971
8976
8976
8978
8979
10995
10996
8982
8985
8988
8989
8990
8991
8992
8995
11003
11008
11009
8998
11012
11013
11015
11016
11018
11019
11019
11019
9004
11020
9005
9006
9007
11021
11022
11023
9009
9009
11025
11026
11028
11033
9015
9017
11034
9020
9020
11036
11037
11039
9023
9025
9025
11040
9027
9030
9032
11041
9035
9038
9043
9044
9045
9047
11047
9048
9049
9051
11048
9053
9056
9058
9060
11049
11049
11052
11052
11052
11053
11054
11054
11054
11059
11063
11063
11063
11063
11064
11069
9064
11074
11076
9066
9066
9069
11078
9070
9071
9074
11082
11084
9077
11086
9080
9080
9080
9086
9087
9088
9090
11091
9095
11093
9097
9099
11096
11099
9105
9105
11102
9107
11105
11110
9110
9113
11112
9115
11116
9118
11117
11120
9124
9127
11122
9132
11123
11125
9136
9138
9138
9138
9141
9142
11132
9143
11133
11134
11135
11137
11138
9145
9146
9146
9147
9149
11143
9151
9151
11144
11146
9153
9156
11150
11150
11152
9158
9159
9160
11161
11161
9163
9163
9167
9168
9168
9170
9174
11167
11170
11170
9176
9176
11171
9181
11177
11178
9187
11179
9189
11187
11189
11192
11192
11196
9195
9195
9198
9198
11199
11203
11205
9202
9205
9211
11210
11212
11215
11216
9214
9216
9219
11229
11231
11232
11235
9221
9226
9227
9229
11245
11245
11257
9246
9247
9248
11260
9252
9253
9255
9256
9259
11267
11271
9265
9265
9263
9266
11275
11278
11284
11284
11284
11288
11288
11294
11296
9287
9287
9291
9291
9291
9292
9295
9295
11304
9299
9299
9299
9304
9304
9306
11320
11322
11313
9308
11325
11328
11330
9313
11333
11337
9326
11342
9327
9327
11344
9333
11346
11347
9334
11351
9337
9340
11354
9343
11365
11365
9350
9350
9355
9361
9363
9369
11369
11370
9376
11373
11375
11379
11380
9386
11381
11382
11386
11386
11391
11408
11409
9435
11410
9444
1128
9469
11427
11429
11430
11430
11430
11430
11430
9474
11435
11435
9481
9486
11438
11438
11438
9493
11445
11450
11454
11454
9508
11458
11458
11463
11463
11463
11463
11463
11463
9527
11475
9547
11497
9551
11502
9561
9568
11507
11509
9578
9579
9583
11512
9590
9595
11514
11516
9601
11519
11521
11526
9607
9614
9614
9623
11541
11541
11544
11548
9634
9638
9638
9640
9643
9643
11552
11554
11555
11557
11560
11561
11563
11565
11572
9667
11579
11583
11585
11586
11589
9677
9677
11593
9683
11597
11599
11601
11606
9691
11609
9695
9696
9700
11613
9701
11615
11618
11620
9711
9717
11634
11638
11638
11638
11642
9749
9751
11646
9755
11652
9758
9759
9760
9760
9764
11655
9768
11657
11658
9776
9773
9773
9798
9814
11670
11672
11674
11677
9817
9819
9819
9820
9820
9828
9833
11681
11682
9839
11687
11697
11698
11702
11703
9867
11705
9873
9875
9878
11714
9881
11718
11718
9884
11719
11724
11724
11726
11726
11729
9898
9901
11733
11733
11736
11736
11738
11739
9903
11740
9906
9909
9911
9917
11747
9918
9920
9920
11751
11753
11753
9926
9926
11754
9928
9932
9934
11757
11757
11758
9935
11761
11762
9940
9943
9945
9945
9947
9948
9952
9957
11769
11769
11771
11773
11777
9965
9967
9967
9969
9970
9974
9976
9978
9981
9981
9983
11787
9995
9998
10000
11792
11794
10007
11798
11801
11802
11803
10012
10013
11804
11805
10016
10017
10022
10022
11809
11811
11813
11814
11815
10026
10032
10033
11816
11816
10036
11818
11822
10038
11824
11826
10040
10044
10049
11844
10060
10061
10063
10063
11846
10064
11849
10065
10065
11850
10068
11851
11856
10071
11858
10072
10075
10077
10078
10078
10078
10078
11859
11873
11873
10100
11878
11878
10104
11879
11879
11880
11880
11882
11882
10106
10109
11889
11889
11891
11891
10112
10112
10115
11896
11900
10119
11903
10124
10124
11928
11928
10143
11939
10144
10147
10151
10155
11940
11945
13646
13646
13646
13649
11948
13653
11948
11949
13660
11947
13666
11955
13677
11959
11959
11962
13679
13683
11977
13697
11981
11985
11986
11986
11994
11994
13712
13716
11999
13721
13722
13726
12005
12007
13730
12009
12010
12012
12013
12015
12019
12019
13744
13751
12026
12028
12028
12028
13761
13764
13764
13764
12032
12036
13768
13770
12039
12044
12044
13772
13776
13778
13787
13787
13788
13790
13793
13793
13796
13796
12050
12050
12050
13801
12053
12054
12056
12058
12060
13803
12063
13806
13806
12068
12070
12071
12071
12072
12075
12075
13807
12078
13812
13815
13819
12082
12085
12085
12085
13823
13828
13832
13834
12088
13835
12090
12095
13842
12096
12097
13846
12107
13859
13861
13863
12110
12111
12115
13868
13875
13888
13891
13892
12129
13894
13895
12130
12130
13896
12131
12133
13899
13901
13906
12134
13907
13907
13907
13908
13910
13910
13914
13915
13917
13921
13922
13923
13925
13929
12140
13931
13940
13944
13947
12143
13957
13963
12158
13967
12160
12162
12164
12164
12165
12167
13974
13976
13979
13979
12172
13988
12182
13997
14000
14002
12187
14004
12188
14006
14007
14009
14010
12191
14012
12195
14017
12198
12199
12202
12202
12202
12202
14028
14028
14028
14028
14028
14028
14036
12216
14038
12220
12222
12222
12229
12229
12240
12240
12245
12245
12249
12251
14056
12253
14056
14057
14059
14060
14062
14063
12260
14069
14074
12265
14088
14088
14088
12291
14091
14094
14097
14097
12307
12307
12307
14103
12312
12312
14106
14115
12321
14118
12323
12330
12334
12340
12344
12348
14128
14128
12352
12357
14142
14146
14153
14153
14167
14167
14171
12381
14192
14194
12392
12392
12392
14202
12395
12402
14220
14225
14230
12412
14242
14253
14257
12419
14261
12424
12424
12424
12428
12428
14277
14278
14278
12432
14283
14283
14283
14291
14295
14295
12437
14297
12439
14300
14300
14300
14300
14304
14318
14322
14326
14331
14335
12454
14341
14346
14348
14348
14348
12456
14351
14355
14358
12462
14362
14362
12462
12462
14365
14369
12467
14373
14373
12472
14378
14379
14382
14385
14385
12476
12476
12476
14392
14395
14402
14399
14410
12481
14413
14413
14416
14422
14426
14428
14429
12486
12488
12493
14432
14434
12498
12498
14437
14440
14441
12502
12503
12504
12506
12506
12509
12511
12512
14453
14455
14455
14455
12516
12521
12522
12524
14468
14468
14468
14468
12526
14472
14475
12527
14485
14485
14487
14490
12529
14491
12529
12532
12536
12539
12539
12541
12542
12542
12544
14497
12545
14508
14510
14512
14513
14514
14500
14530
14534
14535
14537
14544
14546
14548
14549
12554
12554
14552
12556
12557
14554
14554
12558
14554
14558
14559
14559
12560
12560
12561
12562
12564
14562
14563
14563
12566
12566
12567
14565
12573
12573
14571
14577
14577
14579
12575
12577
12578
12580
12583
12585
12581
12581
12581
14593
14596
14596
14599
14599
12593
14601
14602
14602
14604
14610
12596
12596
12600
12600
14614
14615
14617
12601
14621
14621
14621
12603
12605
12604
12604
12607
12608
12609
12610
12612
14633
14633
12613
14635
14635
14635
14635
14635
14635
14635
12614
14637
14647
14650
14650
14653
14653
12623
12627
12628
12633
12636
1437
12638
12639
12640
14662
14667
14667
12642
12643
12643
14669
12645
12645
14675
14677
14679
14679
12646
14685
14688
14691
14694
14696
14700
14703
14705
14707
14711
12649
14713
14714
14718
14719
14720
14720
14730
14730
12653
12655
14736
14739
14741
12661
12662
14747
14747
14747
14752
12665
14754
12668
12670
12672
12674
12674
12676
14760
12679
14763
14763
14766
12681
14770
14771
12685
12686
14774
14778
12687
14787
14787
14800
12702
14811
14818
14826
12710
14833
12720
12722
12724
14842
14846
12731
12733
12733
12739
14866
12745
12751
12756
14888
14890
14894
14896
5669
12761
12766
12769
14905
14905
12772
12777
12778
12780
12782
12782
14914
14911
14911
12799
12799
12799
12804
14932
14932
14937
14937
14937
14937
14941
12814
14946
12824
12827
12837
12843
12860
14969
14976
12867
12868
14981
14988
14991
14993
14996
14999
15001
12893
12908
12908
12908
15015
15017
15017
15017
15017
12928
12930
15020
12933
15025
15025
15025
15025
15025
15034
12945
15041
12959
12964
15047
12973
15048
15057
15059
12985
15062
15065
15073
15069
15073
15074
15079
15081
15082
15083
15085
15085
15085
15086
15086
13025
15092
15102
13033
13037
13039
13044
15107
15108
15111
15112
13052
15119
15119
15124
15127
13063
15131
15133
15133
13066
15137
13079
13079
13095
13097
15157
13101
15159
15159
15159
15159
13109
15168
13113
15178
13114
13119
13121
13125
13128
15184
13133
15186
8586
13140
15189
15192
13152
15197
15199
15201
15205
15205
15210
15216
13172
15222
13180
15232
13184
13186
13186
13190
13192
15242
13207
15249
15249
13214
15261
15263
13221
13224
13224
13229
13229
13229
13233
13240
15270
15272
13243
13243
13248
15276
13251
13253
15283
15283
13259
15287
13261
15302
15305
15305
15306
15309
15309
13266
13268
15313
13271
13271
13275
15315
13280
15317
13284
15319
13289
13291
15324
15324
15325
13296
13296
15326
13303
13305
15336
15336
15338
15340
15342
15342
15345
13312
15347
15352
15352
13321
15354
15361
13327
13330
13331
15366
13336
15368
13339
15375
13345
13349
13350
13353
13354
15384
15384
15387
15387
15392
13362
15393
13364
15397
13365
15406
15416
15416
15424
15440
6691
15450
13384
15453
13387
15455
15456
15457
15457
15457
15461
13395
15467
15469
13397
15471
13399
13400
13404
13405
15481
13410
15489
15496
15496
13414
15504
15506
15510
15511
13420
15518
15518
13423
13423
13426
13429
13431
15523
15532
13435
15536
15536
15538
13441
15550
15550
13445
15556
15559
15559
15563
15563
13449
13451
13454
13455
15573
13455
13458
15574
15579
15583
15591
15593
13461
15598
13464
13465
15607
15610
13471
15614
15621
13473
13473
13473
15625
15625
15625
15629
5478
15634
6131
6131
15634
13480
13481
13485
15637
13488
13499
15638
13510
13512
15640
15648
15650
15651
13522
13524
15698
13564
15707
13575
13576
15728
13583
13584
13599
13602
13604
13607
13607
13620
15747
15747
13617
13626
15760
13630
13632
15770
15770
15776
15780
13624
13638
13638
13639
13641
16820
16824
16828
15816
15816
16831
16835
16836
16836
16837
15825
16849
16850
16852
15835
16868
15848
15873
16885
15879
15879
15888
16886
15888
15884
15888
16895
15895
16904
15902
16911
16916
15908
16929
16934
16934
16934
15917
15921
16950
15935
15937
16954
16954
16957
15940
15940
15944
15946
16963
16966
15948
16971
15953
16980
15956
15956
16988
16990
16999
16999
15970
15973
15973
15974
15977
17021
15980
15985
15988
15992
17038
17041
15997
16001
17052
17052
17052
17052
16008
16018
17065
17068
17068
17075
17076
17078
17078
17078
16029
16029
16032
16033
17089
16036
17091
17095
17099
17104
16039
16042
17110
17112
17117
16049
17138
17143
16054
17149
17149
16056
17155
17156
16060
16064
16071
16071
16071
16073
16076
16076
16078
17186
16082
17190
17190
17196
16095
16102
17206
17206
17206
17206
17211
16112
17224
16121
17232
17237
17243
17246
17253
17261
17262
17271
16141
17280
16145
17285
17285
17285
17288
16156
16160
16160
16165
16166
16169
16169
16173
16173
17301
16175
17307
17309
17319
16181
16183
17353
16197
16203
17368
16207
17372
16214
17381
17386
17388
17388
17390
17397
16224
6187
16229
17398
17399
16233
16257
17419
17419
16273
16273
17441
17462
17490
17501
16306
16312
17523
17537
17540
16335
16336
16336
17551
17553
17555
16350
16352
16352
16352
17562
17562
17562
17570
17572
17578
16371
17585
17600
17608
16406
16421
16428
17667
16437
17678
17683
16456
17695
16459
17708
16467
16471
16478
16482
17718
17731
17737
17737
16506
16506
17747
16516
16519
17757
16525
17767
17772
16538
16560
17788
16571
17789
16575
17792
16593
16593
17815
17818
17837
17837
16638
17850
17853
16666
17861
16682
16682
16682
16682
17872
16693
16693
16693
16703
16719
16725
17890
16731
16733
16733
16739
16742
16746
17899
16748
16753
17902
17907
17907
17909
16757
16761
17916
17924
16767
16767
16767
17927
16782
16785
16779
1037
2307
17939
883
884
17940
17942
17944
887
889
17945
892
897
899
17950
906
906
908
17953
17953
17956
17957
17958
913
913
17959
17967
17968
17970
17971
17972
922
924
17974
926
926
940
940
944
17999
18009
18013
959
959
18016
18019
18020
18022
962
965
969
971
971
973
974
974
977
18023
981
982
982
982
985
18025
18025
18027
988
988
991
18029
18030
18033
1000
18035
1005
18038
18041
18041
18041
18041
18041
18046
18051
1009
18054
18057
18057
18062
18063
1010
1013
18064
18067
18069
1017
1020
18071
1022
1023
17801
1027
1032
1034
18076
18077
1036
18077
18077
1039
1041
18079
18079
18079
18081
1044
1050
1052
1053
1058
1074
18124
1092
18141
18141
18148
18152
18152
18152
1111
1115
1122
18156
18156
18156
18162
18176
1154
1162
1165
1167
1173
1173
1173
1174
18198
18200
18200
1180
18205
1190
18209
18211
1203
1208
1208
1208
1212
18220
1221
1234
18239
1243
1247
18244
1248
18245
18249
18251
18251
18251
1254
18259
1274
1282
18270
18274
18277
1287
1292
1294
1294
492
1311
1313
1314
18295
18296
1318
18299
1330
1332
18305
1338
1341
1348
1350
18317
1359
1361
18329
18334
18334
18334
18338
18343
18345
1382
1382
18352
18354
1390
1394
1400
1400
18372
1403
1406
18375
18377
18377
1412
1413
18389
18393
1419
18395
18395
1426
18400
18411
18414
1444
1444
18421
1452
18433
18440
18443
1467
18450
18457
1485
1488
18463
1493
1493
18476
1501
18482
18482
1506
18485
1508
1513
1517
18501
18501
18512
18512
18519
3
1535
1535
19
1539
1540
1543
1545
27
27
1547
1547
41
44
1554
48
50
1563
66
1566
71
1567
80
94
108
111
1593
115
1598
1599
1604
1606
1607
143
1609
148
1622
1628
1637
168
168
1648
188
191
1664
195
1670
1670
1673
1675
201
1678
1679
1682
212
219
230
230
230
1704
250
1713
1713
253
257
262
1716
266
1720
271
274
278
1725
1726
1726
284
284
286
1729
1732
1734
302
1737
304
1743
307
1745
310
312
1755
318
1756
1758
321
1759
1762
325
329
329
329
329
331
333
333
337
345
350
357
1777
367
1781
372
1785
1788
1789
1791
1794
1796
379
1798
1800
1804
383
385
389
389
1824
1824
1824
416
1829
1829
1831
1831
1836
446
1876
1876
460
1881
1881
1881
465
1890
477
1897
1897
491
494
1913
500
1932
1938
1946
1956
1958
1958
1961
1964
1969
1971
515
519
519
519
523
1976
529
532
1980
1982
1984
543
547
1987
553
553
553
1990
1990
557
1996
561
564
1997
566
2000
2000
2002
2003
2003
2009
2010
571
573
577
2013
2016
2016
2016
2019
2026
591
2032
598
600
603
604
605
609
614
644
2073
2078
663
666
669
673
2092
681
2095
697
2097
2097
699
699
2101
2101
708
740
745
745
749
2126
2126
760
2128
767
2133
771
777
780
787
790
790
793
800
2151
2151
801
805
2153
808
2161
812
817
2168
828
834
834
837
2170
2170
842
845
2176
2192
2196
2202
2204
850
2204
2204
2204
861
861
869
871
873
873
873
875
2307
2309
2327
2334
3762
3762
2364
3774
3775
2380
3802
3802
3818
3838
3838
3838
3838
2431
2431
2433
3854
3864
2469
3901
3906
2500
3939
3939
2512
3949
2541
2543
2548
2574
4006
4010
2576
2577
4015
4015
4015
4015
2582
4022
4047
4048
4050
4066
2610
2610
4087
4087
4087
4087
2625
2629
2635
4116
2641
2646
2649
4150
4156
2654
4158
4164
4164
4164
2658
2660
2660
4170
4176
2662
2667
2670
2672
4183
2674
2676
2680
4194
2681
4198
4198
4202
2684
2684
4205
2686
2688
2691
4209
4216
2697
4223
2698
2699
4225
4229
2706
2706
4237
4246
4250
4255
4259
4262
4267
2713
2713
2718
4273
4275
4279
4283
2724
2727
4292
4297
4301
2729
4304
2732
4305
4305
2734
4308
4308
4311
4319
2749
4324
2751
4327
2756
2757
2761
2765
2767
2774
2772
4354
4361
2784
4367
2789
4370
2799
2800
2815
2815
2828
2834
2838
2838
4402
4422
4424
4430
2853
2856
4435
2860
4441
4446
4453
4454
2868
4463
4470
2877
4480
2879
4488
4488
2881
2882
4492
2885
4495
4497
4497
4501
4508
4512
4514
4523
4534
4534
4534
4534
4537
4538
4541
4541
4544
2930
4546
4548
2935
2935
2941
2947
2947
4566
4566
2956
2961
4580
2967
4586
2975
2978
4592
2980
2982
4613
2986
1151
4623
4626
4626
4626
4638
3021
3036
3036
3040
4657
3043
3049
4660
3054
3059
4677
4680
4683
4684
4691
3076
4699
4700
4702
3085
3088
4706
4706
4707
3092
4715
4716
4717
4720
4723
4728
4732
4732
3097
4736
3101
3101
4740
3103
4741
3107
3107
16379
3116
3116
3130
3130
3130
3130
3134
3140
3140
3147
4784
3151
4785
3153
3153
3153
3157
3157
3159
3160
3160
3161
3164
4811
4823
4823
4828
4829
3180
3185
3191
3196
3196
3196
4846
3196
4855
4858
4864
4864
4864
4866
3203
3211
4874
3215
4883
4887
3220
3223
3226
4892
4892
3228
3231
3231
3231
3231
3233
3233
4902
4902
4902
4902
4902
3235
4906
4906
4909
4909
4913
3245
4920
4921
3255
3257
3261
3264
4925
4927
3267
4929
4930
4931
3269
3272
3276
3286
3286
4939
4939
4939
4941
4945
4945
4946
3290
4948
3292
3296
3296
3299
4956
3301
3306
4966
4966
3310
3314
4971
3320
4984
4993
4996
4998
3344
3347
3355
3358
5008
5011
5014
5017
3368
5025
5025
5027
5025
5028
3383
3383
3383
3383
3383
3385
3388
5034
3398
3402
3402
3402
5037
5038
5042
5043
5059
5062
5065
5069
3429
5077
3430
3435
3449
5089
5090
3451
3452
3455
3457
3457
3465
5104
3476
5118
5126
5128
3498
3501
3507
5131
5132
5134
5141
5147
5149
3536
5152
5154
5157
5158
3542
5162
3546
3546
5165
3555
3557
3563
3568
3571
3574
3574
3576
3580
5171
3580
5175
5176
3585
3585
3589
5194
3611
5207
5207
5207
5207
5207
3626
3626
3645
3645
3645
3645
3656
3663
5251
3685
5260
5267
5270
5277
5278
3703
3708
5287
5291
5295
5297
5305
5306
3719
12781
6764
5314
6766
5316
5318
5319
5322
6773
5323
6778
5324
6779
6780
6781
5326
5328
5329
5329
5333
5338
5338
5339
5341
5341
5341
5341
5343
6787
5353
5357
5360
6794
5362
5365
6799
5367
5367
6802
5369
6803
6805
5374
6814
5377
6816
5383
5387
5387
5394
6822
6824
6826
5398
5401
5401
6830
5403
5407
6834
6835
6836
5411
6837
5412
6840
6844
6845
5415
5418
6847
5420
5421
6850
5423
5423
6851
5427
5435
6856
5442
5446
6860
6867
5456
5458
5458
5461
5474
6880
5479
6883
6884
5487
5488
5490
6889
5491
5492
5495
5497
6891
5502
6893
5503
5504
6894
5505
5510
5510
5510
6896
5517
5517
5524
6899
6899
6900
5527
5528
5531
6906
5533
6907
5534
5534
5536
5536
6909
6911
5538
6913
6915
6919
6920
6922
5542
6924
5544
6925
5545
5546
6928
5546
5546
6930
5550
5553
6933
6934
6936
6937
5555
5555
6939
5556
6940
6942
5558
6943
5560
5560
5560
5580
6968
5584
6970
6970
6971
5589
5595
6984
5600
5600
5601
6988
6995
6996
6997
6994
5611
7005
7005
7007
7009
7012
7015
5618
5619
7024
5640
5643
7043
5648
7046
5683
7050
7051
5670
5671
5671
7057
7059
7063
5677
7065
7073
16969
7095
7096
5714
5714
5716
5717
5720
5720
5720
7099
5724
5726
5732
7103
7104
7107
7108
7109
5737
7111
7114
7115
5744
5746
7117
5748
5751
7119
7123
5753
5764
7138
5765
5765
5765
7145
5777
5780
5789
5791
7146
5810
7155
5813
5816
7159
7160
7164
5819
7165
7166
7168
5830
5833
5845
5847
5849
5853
5853
7182
5858
5864
5872
5894
5895
5895
7215
5899
5906
5906
7216
7225
7230
7243
5935
7238
5933
5933
5931
5931
7230
5948
7247
5957
5957
5957
5959
7248
5963
5968
5951
5951
5979
5984
7267
5986
5987
5987
5989
5991
5992
5993
7271
7272
5997
6000
6001
6003
7277
7281
6005
6009
7283
7284
7287
7289
5979
7299
7299
7300
6014
6015
7304
6015
6015
6016
7305
7307
6017
7310
7314
7316
7320
6019
6026
6027
7324
6031
6032
6033
6034
6035
7333
7333
6038
7334
7334
6039
6040
7338
6043
7341
6045
7343
6047
6050
7346
7347
6054
6056
6056
6056
6060
6067
6073
6073
6073
7407
7410
6125
7413
6127
6127
7419
7420
7424
6132
7430
7432
7432
6138
7435
7440
7445
6162
6164
6166
7452
6168
7457
6173
6175
6175
6209
6226
6229
6231
6231
6232
6234
6235
6235
6235
6235
7502
7502
6246
7507
7508
7510
6253
6254
6255
6267
6268
7512
6272
6273
6273
6273
6275
6276
6276
6279
6281
6285
7515
6287
6291
7517
6292
6294
6295
6296
7525
6300
6301
6301
6301
6304
6305
6307
7529
7529
7532
6311
6312
6313
7540
7541
6321
6325
6325
6325
6325
6326
7548
7549
7550
7573
7594
6360
7616
6365
6366
6366
6369
6370
6370
7619
7621
7622
7624
6374
6374
6378
7626
7627
7629
6382
6382
6383
6383
6388
7634
6398
6398
7635
7635
6400
6402
7640
7640
6404
7641
6406
6384
6411
6411
7644
7645
6413
7648
7650
6416
6416
6416
6418
7655
6422
7657
7658
7659
6427
7662
6428
6431
7668
7670
7674
7676
6436
7678
7680
6441
6447
6451
6455
6464
6464
6465
6467
7695
6471
7695
7700
6473
6475
7708
7711
6481
6481
6485
6485
6487
7722
7723
6489
7726
6492
7729
6495
6497
6497
7733
7734
7751
7751
6503
7754
7756
6507
6507
7758
6510
7763
7767
7767
6517
7769
6520
6524
7776
7776
7776
7777
7777
7782
7782
6549
7799
7803
7804
7806
7807
7811
6563
7814
7814
7815
7815
7815
7815
7818
7820
7823
7824
7824
6571
7826
7827
6578
6578
6585
7838
6587
6589
6589
6590
7848
6606
7859
6607
7862
6608
7863
7865
6610
6612
6614
6614
6620
7876
6625
7879
6630
6643
6646
6647
6650
6650
7891
6652
7898
6654
7900
6656
6657
7903
7905
6660
6661
6663
7910
6672
6672
7924
7925
6677
7936
6685
6688
7940
7944
6691
7946
6692
7950
7952
6697
6697
6697
6701
6701
6705
6709
7959
7960
6710
7963
7963
6716
7969
7971
6718
7974
7974
6722
6726
6728
7977
6732
6739
6741
6741
7982
6745
7984
7988
6749
6753
6753
6753
6754
6754
7993
7994
7994
6759
7995
5557
9629
8001
8003
9642
9644
9648
9648
8007
8011
9663
9664
9666
9666
9666
9671
9673
9678
9680
9682
9684
8014
8014
8014
8015
8015
8016
9693
8017
8018
8018
8019
8019
9699
9699
9699
9708
8023
9710
9712
9716
8026
8026
9721
9722
8030
8031
9724
8033
9726
9727
9727
8034
8034
9728
9730
9730
9730
9730
9731
8036
8038
9735
8039
9742
9744
9744
9746
9748
9752
8041
8041
9763
8046
9767
9767
9774
8049
8049
9775
9777
8050
8053
8054
9783
8056
9787
8064
9788
8065
8067
9792
9794
9794
9796
8071
9797
8075
9801
8076
9803
8087
9804
9810
9811
9813
8089
8089
9815
8091
9823
9826
8103
9834
8107
9836
8111
8113
8114
8116
9840
9841
9841
9842
8118
9845
8118
9846
9847
9848
8122
8122
9851
9851
8125
9852
8127
8127
9855
8131
8134
8135
8136
9856
9858
8137
8140
8141
8142
8144
8145
9859
10284
9859
8147
8152
8152
8154
8156
8158
9862
9863
9865
8162
8163
9868
8165
8165
9868
8165
8166
8168
8175
8175
8181
8181
9874
9876
9876
8185
8188
8190
9879
9882
9882
9883
9885
9887
9888
9890
9891
8198
8202
8203
8203
8205
9899
8207
9907
9910
9913
9913
8211
8213
9929
9959
9961
9963
8240
9972
8245
8252
8252
8255
9975
8266
9994
9994
9994
9996
9999
10001
10005
8297
8303
8312
8314
10006
10006
8318
10019
8323
8324
10023
10025
10083
10037
8348
10042
10046
10046
8354
10051
10053
10053
10053
8362
10059
10062
8366
10066
8369
8372
8375
8379
8380
8382
8382
10070
8384
10074
11121
8303
8297
10005
8399
10090
8402
10093
10093
10094
8406
8408
8414
10099
10102
10103
8418
8418
8418
10117
8439
10123
10125
8440
8440
8442
8442
8447
10140
10142
8454
10152
10154
10156
8468
8469
10160
10161
10162
10163
10167
10168
10169
8474
10172
10173
10173
10176
10176
8479
8480
10177
10179
10181
10183
10186
8487
10190
10190
8491
10196
8494
8498
10200
8500
8504
10205
8504
8506
10213
10214
10215
8510
8510
8512
8514
10217
8530
10220
8533
8535
8538
10229
10230
10231
8527
10238
10239
8546
8549
8551
8554
10245
8555
8560
8562
10251
8563
8565
10261
10261
14375
8569
8571
8572
8574
10271
8575
10274
8581
10279
8584
10282
8586
10284
8588
10290
10290
10305
8590
10307
10311
8595
10318
10320
10320
10325
10325
10327
10330
10331
8599
8601
10344
10347
8613
8614
8615
8616
8618
8620
10356
10356
10356
8623
8626
10373
10378
8633
10387
10390
8641
10392
10392
8643
10394
10397
10399
8644
10402
10404
10406
10408
10413
8657
10416
8660
8660
8661
8663
8665
10417
10419
10420
8668
10424
10424
10425
8671
8674
10428
8675
10431
8676
8676
8679
8680
8681
10435
10437
8685
10439
10443
10446
10448
10449
10452
10460
10461
10463
10464
10465
10466
10468
10469
10470
10471
8689
10477
10478
10477
10477
10480
10477
10482
10491
10493
10495
10496
10498
10500
10501
10503
10505
8698
8699
10507
10508
10513
10515
8703
10516
10519
8704
10521
8706
10521
10523
10527
10530
8708
10534
10535
10536
10541
10541
10543
8714
8715
8717
8718
10546
10547
10549
10551
10552
8726
8727
8728
10555
8732
8733
8734
8735
10561
8739
8741
8743
10565
10565
8753
8755
10570
10570
10570
10573
10573
10578
10579
10580
8758
10584
10586
8761
10587
8765
8766
8770
8770
10595
10595
10598
8771
10600
8774
10601
10602
10604
8777
10607
8783
10608
10608
8786
10609
10609
8787
10610
10611
10612
10612
10613
8792
8792
8794
8795
8797
10615
10616
10619
10620
8804
8805
8806
10626
10626
10626
10635
10635
10641
8847
8850
10643
10645
8857
8857
8858
8859
8867
8870
8873
8875
10653
8878
10659
10659
8883
8885
10662
8887
10665
8888
10671
10671
8890
10675
10679
10680
10683
10684
10687
10688
10690
10692
10693
10695
10695
8909
8913
10696
10698
8919
8925
8925
8925
10699
8928
10699
10700
10701
10701
8932
8936
10709
10711
10712
8943
10714
8957
8957
10716
8960
8964
8964
8964
10717
10719
8965
10723
8968
8968
10726
8975
8977
8981
8983
8986
8994
10731
8997
9001
10734
10734
10736
10736
9011
9008
9011
9011
9011
9011
10741
10746
10746
10746
9028
10754
9040
9046
10759
10762
10762
9050
9050
9055
9061
9063
10765
10766
9068
9072
9072
9072
9076
9076
10775
10777
10778
9096
9098
9102
9100
10782
10782
9103
10785
10786
10788
10789
10793
10797
10797
10797
10801
10802
9108
10804
9120
9125
9126
9128
9130
10809
10814
9140
10116
10818
9144
10820
9148
10825
9150
9152
9161
9165
10837
10839
10844
10848
9175
9175
9177
9178
9184
10856
10856
10859
10859
10859
10859
9196
9196
9200
9201
9203
10863
10867
9206
9208
10878
10876
10878
10882
10884
10888
10888
10888
10891
10898
10905
10907
10909
9215
10912
10929
9222
10941
10941
10941
10949
9230
9235
9238
9240
10955
10960
9251
9254
10965
9274
10971
9276
9285
9285
10983
10986
10993
10998
11002
11002
9294
9300
9302
9322
11038
9338
9339
9341
11044
11045
9348
9348
9351
9354
9357
9358
9358
9362
11055
11056
9364
11058
11060
9365
11061
9365
9365
9367
11062
9370
11065
11067
11067
11070
11071
9372
9373
11072
9374
9375
9377
9378
9382
11075
11077
11080
11080
11087
11088
9390
11090
11090
9392
9394
11092
9406
11094
11097
11103
11106
11108
11111
11115
9418
9420
11121
11124
11124
9422
9423
11127
11131
9425
11136
11139
9426
9426
9427
9427
11145
11145
11149
11153
11155
11158
11160
9433
11162
9433
9436
9436
9443
9443
9443
9450
9464
9465
9467
11180
9473
11188
9479
11194
11197
11200
11204
11204
11206
11208
9489
9489
9489
9491
9503
9504
11220
11221
11225
9509
9512
11228
9516
9516
9519
9522
9529
11236
9536
9541
11248
1288
11249
11252
9550
11256
9553
11258
11262
9557
11265
9559
9560
9564
9567
5574
5602
11269
11283
11286
11286
11287
9576
11291
9581
9584
11292
9586
11298
11306
11308
11310
9598
9600
11314
11318
11318
9603
9603
11332
9608
9610
9612
11343
9626
12030
12034
11356
12041
12043
12043
11362
11362
12069
11372
11374
12076
12079
11385
11389
11389
11389
11389
11389
11389
12087
12087
12087
12087
12108
12108
12108
12109
12117
11405
12125
11407
11424
11425
11428
11428
11433
11434
12144
11437
11440
11442
11446
11447
11459
11459
11466
11459
12178
11468
11478
11482
12186
11485
11488
11488
12196
11491
11495
11499
11499
11499
12213
11510
11511
12215
5054
12237
11524
12244
11529
12247
11530
11533
11537
11537
12267
11542
11546
12279
11549
11549
11559
11559
11567
11567
12283
12283
12283
11575
11576
12305
12315
11587
12325
12325
12325
12325
12325
12336
12336
12337
12347
12362
12364
12365
11617
11619
11621
11623
11624
12370
12375
11631
11635
12379
12384
12387
12387
12396
12396
12396
11645
11645
11645
11645
11645
11645
11649
11649
11649
11656
12407
11660
11662
12411
12413
11666
11667
12416
11673
12416
12418
11695
12438
12440
11716
11716
11725
11725
11734
11734
11737
12450
12451
12452
12452
11743
11744
11748
12455
12455
12455
12457
12460
11752
12466
12469
11772
12492
12492
12492
12499
12499
12500
12499
11775
12505
12507
12513
12515
12519
11780
11781
12523
12523
11784
11785
11786
12528
11791
12546
11796
12548
11799
11800
12549
12549
12551
12551
12551
12551
12551
12551
12551
12551
12572
11825
11836
11839
12586
12588
12597
11847
11847
11847
11847
11847
12611
11860
11863
11866
11868
12626
12629
12631
12635
11871
11877
12650
12654
11884
11888
11890
11895
12660
12666
12669
11908
11910
11913
11914
11915
11915
11915
11918
11919
11921
11929
11929
12690
12693
12696
11936
11936
11938
12700
12701
11941
12712
12717
12717
12726
12726
11952
12728
11956
11956
11958
11963
12740
11967
12749
11984
12754
12755
11992
12003
12004
12011
12011
12016
12016
12020
12775
12776
12021
12024
12779
12781
14274
14274
14276
14279
14281
12784
12786
12787
12790
12791
12791
12792
14285
12795
14288
12796
14289
12797
14290
12802
12803
12806
12807
14292
14293
12809
12810
12811
14294
14294
12816
12818
14298
12830
12830
14299
14299
14301
12834
12839
12841
12845
12849
14303
12853
12855
14307
14308
12859
14312
14314
14315
14316
14317
14317
14320
14324
14325
14327
12873
12874
14329
14330
14332
12876
14333
14337
12879
12881
14338
12882
14340
14342
14345
14347
12891
14349
14352
14353
14354
12894
12895
12896
12897
12898
14356
12899
14357
14357
14357
14359
14359
12902
12904
12905
12906
12909
12910
12910
14363
14363
12913
12913
14364
14364
12914
12917
14366
14368
14374
12919
14376
14377
14377
12920
12921
14386
14391
12922
14396
14401
12925
14404
12927
12929
12931
14405
12932
14406
12934
14408
14408
12935
14412
14412
12937
14415
14415
14417
14418
14420
14420
12944
14425
14427
12946
12946
12948
14430
12958
14435
12967
14438
12969
12969
14439
12970
14443
14444
12974
14445
14450
12977
14454
14456
12980
14459
14462
12986
14464
14465
14467
14470
14471
12989
14473
14478
14481
14482
14484
14489
12995
14494
12996
12999
13001
13001
13001
13001
14495
13007
13007
14498
13009
13010
13012
13014
13014
13014
13014
13014
14501
14501
14504
13017
13019
13020
13021
14505
14505
14507
14509
13023
13024
13024
13026
13027
13029
14515
14516
14519
13030
14522
13031
14526
14529
13036
13038
13040
14536
14539
14540
14545
14550
13046
13047
14567
14568
14569
13049
14570
14576
13050
13050
13050
13050
14583
14586
14587
14591
14576
14595
13057
14598
14600
13060
13067
13068
14609
14612
14618
13070
13071
13072
13073
14620
14620
14624
14626
14628
14631
13074
13074
13074
13074
13074
14634
14634
14638
14641
13081
13081
13083
13085
13087
13091
13091
13091
13096
14658
14660
14660
13099
14672
13102
13104
14676
14676
14678
13105
14681
14684
14686
14686
13108
14689
14692
14692
14692
13111
13115
13117
13120
13112
14698
13129
14701
14702
13136
14704
14708
14710
14710
14726
13129
14729
13138
14731
14732
14732
14734
14737
14737
14737
13141
13143
14743
13145
14746
13146
14749
14749
13148
14751
14753
13151
14756
13154
13155
14758
13157
13158
14765
14768
14768
13162
14772
13163
14777
13168
13169
13170
14788
14789
13178
14793
14794
14794
14796
13185
14802
13188
13188
14803
14804
13191
14809
13194
14810
13197
14816
14817
14819
14823
13203
14825
13205
13206
13208
13209
14830
14831
14831
14832
14838
14841
14847
14849
13215
13217
13222
14857
13231
13231
13232
13235
14861
13239
13242
14864
14871
14876
14877
14878
13250
13256
13258
14881
14882
13260
13265
13267
14885
14886
13270
13272
13274
13276
13277
13277
14898
13281
14900
14900
13278
13285
13288
13290
13283
13292
13293
13293
13298
14906
14907
13283
13300
13301
13301
13302
13304
13304
14910
13307
13309
13310
14913
14913
14913
14916
14919
14920
13315
14924
14927
14927
14930
14935
13322
13324
14936
13325
13326
13328
14940
14943
14945
13335
14948
14948
14948
13338
13340
14952
13342
13343
14959
14960
14963
13346
13351
14968
13355
13356
13358
14971
14973
14975
14980
13361
14985
13366
13368
14989
14989
14995
13372
13379
13380
15009
15009
13386
13386
13386
15028
15031
15033
15049
13439
13442
15055
15055
15055
13444
13446
13446
13448
15076
13467
13472
13472
15087
15089
15091
13483
15094
13484
13487
15095
15098
13494
13494
15100
13502
13502
13508
13513
13515
13517
13517
13520
13525
13528
15115
13529
13530
13531
13537
15117
13538
13538
13539
13540
13540
15118
13542
13544
13545
13546
13548
13550
13554
15121
15122
15125
13555
13556
15126
13558
13560
13561
15128
13562
15129
15130
13566
13566
15132
13567
13568
15134
15136
13570
13571
15139
13572
15140
13574
15141
15142
15143
15143
15145
13577
13580
15147
15149
15149
15149
15150
15151
15151
15153
15156
13589
15160
13592
15153
15153
15153
15153
13596
15153
13596
13596
13597
13600
13608
15165
13610
13612
13613
15172
13613
15173
15176
15179
15179
15181
15183
15183
15185
15185
15187
13621
13623
13625
13627
15193
15194
13633
15196
13640
15200
15203
15204
15206
15206
15208
13647
15209
15209
15211
13648
15212
15212
15215
13650
13651
13654
13656
13657
15221
13662
15225
13665
13665
13667
13668
13669
15228
15229
13672
13672
13676
15230
15231
15235
15236
13678
13680
13682
15243
15244
15246
15250
15250
15251
15252
15253
15254
15254
15256
13685
13685
13687
13688
13688
13688
15257
15258
15258
13692
13694
13696
13696
13696
13699
13699
15264
13704
13706
13711
15266
15267
13713
13713
15268
15269
15271
15271
13717
15273
15274
13718
13719
15275
13724
13728
13729
13729
15278
15279
15279
15282
13733
15284
15288
13735
15289
15290
13736
15292
15292
13741
15293
15294
15296
15298
15300
15328
15310
15304
15308
15321
15312
15328
13756
13758
13758
15330
15333
15335
15335
13765
13765
15337
15337
15339
15341
13767
15344
15346
15348
15348
15350
13777
13779
13794
13797
13797
13802
13804
15353
15356
15357
15359
15360
13808
13810
13813
13814
13817
13818
13820
13822
13824
13825
13826
13827
13830
13831
15371
13838
15374
13840
15376
13841
15378
13845
15379
15381
15381
13848
15383
15383
13850
13851
15386
15390
15391
15391
15391
13857
15394
13860
15396
15398
15400
15400
15403
15405
15407
13864
15410
15412
15415
15417
15418
13869
13869
13872
13874
13874
13874
13877
15423
15425
13879
13879
15427
15429
15430
15431
15431
13882
15437
15437
15439
13887
13889
15442
13893
15444
15444
13897
13900
13902
13903
13905
15447
15451
15452
15454
13909
13913
13916
13918
13920
15460
13927
15462
15463
15464
15466
15466
15466
13934
15470
13935
15472
13936
15473
13939
13941
13943
13943
13946
13948
13948
13950
15476
15477
15478
13952
15480
15480
15482
15483
15484
13953
15485
15486
15487
13955
15490
13956
13958
15491
13961
15493
15497
15493
15500
15502
13966
15505
13970
15508
13972
15509
13977
15514
15514
13982
13982
13983
15516
15517
15519
13987
13987
13634
13992
13992
13993
15522
13994
15524
13995
13998
15525
13999
13999
14001
15529
14003
15531
14005
14008
15535
15537
14014
14014
15539
15539
15542
15543
14016
15546
14019
15548
15549
14022
14025
14026
14027
14030
15554
15555
15555
15558
15558
15560
14031
14032
14033
15568
15570
14035
14037
15571
15575
15577
15577
15578
15578
15580
15581
15582
15582
15582
15585
15585
15585
15587
15588
15589
15590
14044
14046
15594
15596
15597
15600
15603
15606
15606
15608
14049
15613
15613
15616
15617
14052
14052
14053
15622
15622
15624
14055
15626
15630
15631
15631
15635
15631
14058
14064
14064
14066
15639
15641
15649
14080
14080
15652
15653
15654
15655
15656
14083
15657
15658
14090
14090
14090
14090
14090
14090
15660
14092
14092
14092
14092
14093
14095
14096
14098
15665
15667
14102
14102
15671
15674
15676
15678
15679
15680
15685
15686
14109
14105
14111
14112
14112
14113
6154
6155
14123
14124
14125
15687
15688
15689
15689
15690
15692
15693
15695
15700
15701
15703
15704
15706
14131
14131
14134
15708
15709
15711
14136
14137
15715
15716
14147
15719
15722
14149
15723
14154
14154
14151
14155
14156
14159
14159
15725
15729
14163
15731
14169
15734
15734
15737
14182
14184
14188
14190
15741
15741
14196
15744
15744
14197
14200
14200
14203
14197
14204
14206
14208
14210
14210
15748
15748
14212
14214
14215
15750
15751
14216
14218
14219
14223
14224
15755
14224
14227
15761
15761
15761
15766
15767
15771
14234
14235
15775
15775
15778
14237
14240
14243
14246
15782
15783
14252
14256
15786
14263
15788
15789
14267
15790
15790
15791
15792
15795
15796
15797
16643
15799
15800
16644
15801
15804
15802
15805
15806
16650
16653
16655
16657
16658
16659
15813
15813
15813
16662
15818
15818
16667
15822
16669
16669
16669
16673
16676
16678
16683
16687
15823
15823
15823
16694
16694
16694
15827
15829
15831
16701
16705
15832
16707
15838
16708
15840
15841
15842
15842
15842
15842
15850
15851
15853
16716
16718
16721
16722
15855
15855
16726
16726
16726
15857
16734
16736
16738
15862
16743
16745
16747
15865
15868
15869
15872
15872
15872
16752
16752
15878
16759
15882
15882
15883
16764
16764
16768
16768
16773
16775
16775
16777
16780
15897
16788
15900
15900
16792
16794
15904
16814
15926
15926
15926
15934
16827
15939
15942
16834
16834
16840
15954
15954
15961
16872
16876
15969
15971
16880
16889
15989
15991
15994
15994
16900
16900
15998
16903
15999
15999
16913
16913
16917
16007
16007
16922
16013
16926
16016
16016
16016
16017
16020
16931
16021
16947
16037
16952
16044
16047
16973
16050
16984
16984
16058
16991
16992
16062
16063
16997
16066
17001
16068
17003
17005
17015
17017
17017
16074
16079
17024
17027
17027
17030
16083
16087
17035
16093
17043
17048
17049
16105
17057
16106
16108
16110
16113
16114
17059
16115
16119
17061
17062
17062
17062
17063
16124
16127
16128
17067
16131
16133
16135
17073
16137
16137
16139
17077
16142
16144
16146
16149
16151
16155
16157
16158
17080
17083
16163
16163
17085
17090
17092
16167
16172
17103
17103
16179
16185
16187
16187
17108
16188
17109
17111
16191
16191
17115
16195
17118
17121
16198
17129
17131
17132
16202
17135
16204
16205
17140
17145
17148
16209
17151
16213
16215
16215
16215
16220
16220
16220
16226
16227
16227
16227
16228
17160
17163
17164
17164
17167
17167
17169
17173
16232
17177
17179
16234
16237
16237
16239
17183
17183
17183
17183
16241
16242
17191
16243
17195
16247
16248
16252
16258
16261
16262
16263
16266
16267
17225
16280
17241
17248
17248
17252
17263
16289
16289
16290
16290
16290
16291
16292
17283
16294
16294
16294
17287
17289
16295
16295
17292
16296
16297
16297
17295
17299
16300
16303
17308
16307
17312
17314
17316
16309
16311
16313
17318
16314
17320
17321
16315
16315
16316
16316
16316
16316
16317
17329
17331
17331
17334
16320
17337
17338
16321
16320
16322
17341
16324
16324
17344
16327
16328
17349
17350
16330
17354
16332
16333
16333
17360
16334
17367
17369
17371
17377
17383
17383
17387
16338
16339
17394
16344
17400
17400
17401
16358
16362
17404
16367
17405
17407
17408
17410
16376
17412
17412
16378
16381
17414
16284
16284
16386
17422
16393
16394
17432
17434
16400
17437
17447
17447
17458
17459
17487
17494
17497
16424
16426
17508
16434
16435
17510
16436
16436
16436
16438
16438
16442
16444
16444
16448
17520
16457
16458
16458
16460
17526
17526
16462
17530
17531
17531
17531
17531
16468
16470
16472
17544
16477
16479
16479
16484
16484
17558
17559
16501
16504
16504
16504
16504
17566
16510
16510
16527
16527
16527
17593
17599
16544
16548
17602
16553
16555
17606
17614
17616
17619
16574
16577
16578
17628
17628
16585
16586
17635
16590
17636
16592
16595
17641
17645
17648
16602
17651
17652
17653
17653
17657
17659
16605
16605
16609
17662
17662
16612
16621
16623
17668
17668
17671
17674
16626
17675
16629
17677
17677
16631
16631
16633
16640
18173
3740
18190
17698
18193
18196
18196
18204
17710
17724
18224
17732
17732
17732
18232
17748
18261
17771
17773
18264
18266
18266
18266
18271
18275
18276
18285
18287
18289
17790
18291
17791
17795
17795
18297
18307
18308
18311
18311
18312
18313
17809
17809
18314
18315
18316
17811
18318
18321
18323
18324
18325
18326
18327
18331
18337
17820
18347
17827
17827
17831
18363
18365
18365
18370
17843
17847
17849
17852
17854
17858
18379
18379
18380
18380
18383
18383
18386
17862
17874
17884
17885
18404
18404
18404
18404
18404
18405
18405
18405
17888
18410
18410
18419
17908
17914
17915
17920
17923
18429
18429
18429
18429
17929
18438
18438
18438
17931
18447
18447
17938
17938
17938
18460
18467
17955
17955
17955
18480
18480
18480
18480
17969
17969
18500
18502
18507
17977
17977
18514
17981
17981
17983
17988
11
18004
24
18008
18012
18018
18018
18018
29
29
37
40
46
46
18032
18036
18036
18036
18036
18036
61
63
64
65
65
18043
70
18050
18058
83
83
18066
18070
86
86
89
18074
95
100
18082
18086
105
18090
18096
18098
18101
117
121
18104
18105
125
18107
18110
131
18117
18119
135
18121
136
126
139
142
144
147
147
18131
154
161
18139
18145
18149
170
172
175
181
187
18155
18159
193
18166
1037
1043
1051
215
1061
1062
1062
1064
1064
223
226
1069
229
1072
1072
1072
239
239
243
247
1090
1090
1094
1098
1099
1099
1100
1103
269
1105
1106
270
1110
273
273
1112
1112
1118
287
1121
297
1129
322
1140
314
1147
1150
316
323
1160
324
327
330
330
332
1168
336
1172
1140
1140
348
322
352
1140
1140
352
354
355
1188
1192
1193
384
1199
1201
1196
1196
395
365
1206
1218
1224
1227
415
1228
418
1232
419
419
420
1236
1242
424
424
431
438
438
442
445
1253
1255
1258
1264
453
455
1268
462
467
475
480
1277
1277
1283
1283
1285
485
1295
1297
1299
1301
501
502
1310
505
508
1319
510
1322
1323
1327
1327
1329
1329
517
522
1335
524
528
1340
1343
1344
1346
1347
1347
533
535
1352
1355
1355
1356
1358
541
542
545
1363
1367
559
1368
565
565
1371
1372
572
1374
1374
576
1378
582
582
582
585
588
588
1389
594
1395
1399
597
597
1402
1402
1408
629
631
631
634
637
640
1431
1431
1431
643
645
1438
1438
1442
1443
1443
652
1446
1449
1450
1450
1453
1458
1461
1463
657
659
1469
1471
661
661
662
1472
1475
1477
1479
1480
667
1482
1484
670
1487
671
671
674
678
679
680
682
682
685
686
687
1491
688
691
695
701
1496
1497
1500
1500
703
703
1502
1502
1505
1505
1510
1510
707
1515
709
710
1519
711
1520
1520
1522
1523
1525
713
716
717
724
727
1527
1531
1531
730
730
732
735
735
736
738
1541
742
1544
750
752
755
755
764
766
1552
773
1556
774
778
784
1564
786
789
789
1569
1571
1574
794
1576
795
797
799
803
806
1582
1583
1583
811
814
1585
1587
1590
1591
823
1597
1602
1600
1600
1600
1603
1605
1608
1608
1608
1612
835
1614
836
836
1616
1618
1623
1632
1634
860
863
853
853
853
853
867
867
867
1647
877
877
877
1661
1661
1661
885
885
1672
1672
888
890
890
1677
895
901
6191
1686
1690
1692
920
921
925
1695
928
1700
945
945
1748
980
1751
983
1754
1760
1760
986
986
989
990
993
1764
1765
1767
1769
1770
999
999
1001
1773
1003
1776
1006
1780
1780
1780
1007
1007
1783
1018
1790
1821
1822
3407
3409
1823
1823
1823
3411
3422
3422
3427
1846
3434
3434
3438
3442
3445
3445
3453
1874
1878
1884
3460
3460
3460
3460
1892
3466
1895
3466
1898
1898
1898
1905
1906
1908
3477
1916
1920
1923
1927
3485
3485
1935
3493
1940
1940
3496
3496
3500
3505
3506
1948
1948
3510
3513
1955
1962
1967
3525
3525
1968
3533
3533
1973
1977
1977
1981
3547
3554
3558
1994
3569
3572
3583
3583
3583
3588
3593
3593
3597
2021
3610
3612
2031
2035
2037
2040
2043
2048
3620
2051
2052
2055
2058
2058
2061
3632
3632
2065
3638
2072
2074
2083
2088
2099
2100
2103
2103
2103
3664
3667
2106
3669
3675
3677
3677
3677
3677
3692
3696
2125
2130
2131
3692
2137
2141
2143
2144
3704
2145
2145
2145
3707
3709
2147
2150
2155
2155
3720
3720
2182
3728
3730
2207
2210
2211
2212
3738
2221
3750
3753
3754
3758
2229
2231
3759
2242
2242
2246
3768
2250
2252
2252
2255
3779
2264
2264
2273
2273
2273
2274
2280
3784
2284
2287
3790
3793
3793
3796
2290
2294
2294
2294
2294
3811
2308
2308
2312
2312
2313
2299
2319
2319
2323
2325
2329
2330
2336
3819
3820
3822
3825
3827
3827
3830
3832
2340
3835
3837
3837
3839
2343
2343
2345
3845
3849
3849
2346
3853
2351
2354
2354
2354
2354
2354
2355
2355
2355
2355
2355
2355
2355
2355
2355
3858
2359
2362
2362
3867
3867
2366
2371
2381
2382
2382
2404
2412
3929
3936
2421
3944
3951
3951
3951
3953
2428
3958
3963
2435
2435
2435
2438
3965
2441
3966
3968
3968
2448
3973
2450
2451
2456
2460
3985
2465
4018
4021
4025
4032
4032
4042
2487
4053
2494
2494
2494
4061
4061
4061
2497
4068
2499
2501
2501
2506
4080
2517
2521
4086
2529
2530
2533
4091
2535
4094
2536
2537
2539
2539
2539
4097
4100
4102
4102
2544
4108
2546
2550
2551
2551
4111
4111
4111
2553
2558
2562
2569
2571
4117
2581
4133
4135
4139
4139
4139
4142
4149
4167
2596
2612
2614
4196
4204
2619
4210
4214
2626
4222
4234
2631
2633
2637
4239
2642
2643
2645
4247
2648
2648
2650
2650
4264
4270
2659
4278
4281
2665
2665
2668
4288
4291
2673
2673
2678
2683
2692
2694
4317
2701
2708
2714
2722
4353
2723
4356
4356
2725
4359
4363
4366
2731
2733
2735
4368
4368
4372
4372
4373
2738
4374
2740
2744
2748
4378
2750
2750
4381
4382
4388
2753
4397
2763
2769
2763
2764
2764
2769
2770
2770
4420
4406
4412
2781
2782
2783
2783
4420
2787
2794
2794
4425
4425
2797
2797
4429
4432
2802
2802
2805
4436
2808
2818
4456
2824
2826
2829
2829
2832
2835
2835
2835
2835
4466
4471
2839
2844
4479
4479
4479
2849
4487
2852
2855
4491
4491
2858
4499
4500
2867
2867
2867
4504
4506
4513
2874
4515
4515
2878
2878
2878
4520
4521
4521
2889
2889
4527
2895
4532
4532
2913
4539
2917
4540
2918
2921
2921
2927
2929
4550
4550
4550
4550
2936
2937
2940
2942
2944
2950
2951
2955
4557
2958
2958
4561
4561
4562
4567
2963
2964
4570
2966
4573
2966
4579
2969
4582
4583
4583
2973
2973
4588
4606
4606
4606
4606
4606
4606
4606
4606
4606
4606
2977
2983
4617
2994
2994
2996
2996
4625
4631
4634
4637
3022
4642
3025
3032
4645
4645
3035
3037
4649
4649
4650
3045
4651
3048
4653
3052
4654
3058
4662
4662
3064
3070
3070
4673
4674
4678
4678
4678
4681
4689
4695
4698
3099
3102
4714
4718
3105
4718
4718
3105
4722
4729
4733
4737
3114
3125
3131
4743
4743
3135
3138
3141
3141
3141
3141
3141
3143
3145
3146
3146
3148
3149
4758
4761
4768
3154
4781
4781
4781
4781
3162
4788
4788
4793
4803
4804
3174
3174
4807
3183
3184
4817
4825
4825
4825
15102
3195
3195
3197
3206
3210
3212
3212
4863
3219
3225
4872
4876
3225
3227
3219
3229
3229
3236
3240
4888
3249
3253
3256
3258
3259
4900
4903
4903
4905
3271
4914
3275
4918
3278
3279
3279
3279
4924
4924
3280
3281
3281
3281
3281
4928
4932
3291
4934
3298
4938
4938
4940
4940
4940
3302
3307
3309
4943
4947
3317
4951
4953
4954
4957
3318
4959
4963
4967
4967
3327
4968
3332
3333
3334
3335
3337
3339
3341
4973
4974
4975
4976
3345
4978
3345
4978
3345
4986
3357
4989
5003
4991
5002
4991
4994
3360
3364
4995
4997
5003
5002
5002
5003
5004
